3 : 154369.44

8 : 58103.23

35 : 57845.92

9 : 44791.9

1 : 37458.33

30 : 30013.1

33 : 28810.7

42 : 27621.73

10 : 26816.1

34 : 24194.31

3, 8 : 23754.7

3, 35 : 22479.01

36 : 20706.3

37 : 20066.24

63 : 19905.29

23 : 19759.35

65 : 19488.96

81 : 19187.84

172 : 18859.39

62 : 17384.67

3, 9 : 17324.28

53 : 16470.51

11 : 15988.53

3, 1 : 15317.99

70 : 14954.32

92 : 14243.19

109 : 14038.56

139 : 13584.6

60 : 13577.01

229 : 13154.6

74 : 12823.27

61 : 12812.03

86 : 12031.16

3, 30 : 11732.71

98 : 11719.32

3, 42 : 11330.54

83 : 10977.96

8, 35 : 10863.87

16 : 10815.47

17 : 10520.06

3, 10 : 10362.0

157 : 9907.58

96 : 9877.65

3, 33 : 9708.87

3, 34 : 9523.91

127 : 9521.04

145 : 9503.45

241 : 9368.32

64 : 8740.02

28 : 8573.88

3, 36 : 8387.66

8, 172 : 8026.48

173 : 7987.75

3, 23 : 7986.7

47 : 7945.8

3, 63 : 7916.09

3, 65 : 7638.95

270 : 7608.37

217 : 7572.57

3, 81 : 7570.36

8, 1 : 7447.68

3, 172 : 7385.21

35, 1 : 7300.81

233 : 7194.79

242 : 7142.07

59 : 7101.69

8, 9 : 7046.55

89 : 7019.35

19 : 6929.24

3, 37 : 6894.33

9, 42 : 6884.6

99 : 6869.89

3, 62 : 6817.66

3, 53 : 6765.59

136 : 6763.15

9, 1 : 6697.42

156 : 6661.68

3, 11 : 6562.15

35, 9 : 6478.75

186 : 6474.62

184 : 6439.11

24 : 6404.73

29 : 6374.63

210 : 6241.54

194 : 6227.96

12 : 6218.78

246 : 6102.84

3, 109 : 6022.42

9, 10 : 5994.79

3, 70 : 5983.13

32 : 5871.12

3, 92 : 5857.92

34, 23 : 5828.3

251 : 5673.01

3, 61 : 5634.31

222 : 5587.37

146 : 5569.02

307 : 5489.14

3, 86 : 5484.16

227 : 5482.32

8, 109 : 5470.08

3, 139 : 5468.04

3, 229 : 5441.1

68 : 5424.63

3, 74 : 5400.63

104 : 5378.99

3, 60 : 5336.61

129 : 5332.44

18 : 5298.42

161 : 5270.98

1, 42 : 5116.53

105 : 5108.4

1, 30 : 5102.0

334 : 5096.21

35, 33 : 5080.17

82 : 5012.62

8, 42 : 4996.45

9, 30 : 4936.43

8, 30 : 4829.81

273 : 4811.17

268 : 4783.93

122 : 4727.57

35, 30 : 4722.16

250 : 4718.66

137 : 4704.49

2 : 4692.76

306 : 4681.23

3, 98 : 4671.61

35, 10 : 4657.11

26 : 4656.15

240 : 4642.73

71 : 4605.23

8, 63 : 4512.72

1, 10 : 4494.65

57 : 4477.09

3, 83 : 4472.41

85 : 4461.77

35, 42 : 4437.11

8, 10 : 4406.12

8, 229 : 4394.84

288 : 4317.44

3, 16 : 4301.05

8, 86 : 4295.59

8, 33 : 4202.97

9, 36 : 4178.09

112 : 4105.69

42, 10 : 4086.41

180 : 4073.12

95 : 4068.47

38 : 4066.73

118 : 4066.51

3, 96 : 4054.66

35, 74 : 4034.93

134 : 4033.66

3, 157 : 4033.57

35, 34 : 4020.61

3, 127 : 4003.21

9, 34 : 3992.94

3, 17 : 3985.78

14 : 3952.35

35, 63 : 3909.19

317 : 3890.11

79 : 3869.89

35, 61 : 3821.15

94 : 3753.15

1, 33 : 3725.98

9, 81 : 3723.26

8, 34 : 3719.15

0 : 3704.05

1, 34 : 3635.73

9, 37 : 3610.93

3, 28 : 3577.87

327 : 3563.28

58 : 3527.83

132 : 3519.94

3, 64 : 3514.18

125 : 3507.25

3, 173 : 3491.74

215 : 3468.72

35, 11 : 3464.12

9, 33 : 3447.78

8, 127 : 3447.27

3, 145 : 3439.72

143 : 3425.54

9, 53 : 3405.38

9, 65 : 3404.42

8, 11 : 3399.29

30, 42 : 3395.35

76 : 3382.76

8, 36 : 3382.25

3, 47 : 3371.03

116 : 3347.35

35, 65 : 3342.58

206 : 3312.76

7 : 3311.09

42, 36 : 3310.94

35, 23 : 3306.34

1, 36 : 3291.67

3, 241 : 3272.23

43 : 3256.2

35, 86 : 3213.51

42, 81 : 3208.48

320 : 3207.76

164 : 3200.4

8, 53 : 3195.43

168 : 3162.52

8, 65 : 3162.51

1, 65 : 3159.04

35, 62 : 3143.75

35, 172 : 3137.14

8, 23 : 3134.35

172, 109 : 3133.24

31 : 3108.14

35, 139 : 3101.1

282 : 3095.99

148 : 3087.69

35, 53 : 3081.39

3, 233 : 3080.62

3, 270 : 3066.53

9, 62 : 3060.07

35, 28 : 3059.06

35, 36 : 3049.3

326 : 3043.79

152 : 3030.34

42, 34 : 3020.55

289 : 3013.57

257 : 2989.59

8, 81 : 2982.89

1, 23 : 2982.18

30, 10 : 2970.96

191 : 2966.05

10, 36 : 2957.58

281 : 2943.96

255 : 2936.05

9, 23 : 2928.09

9, 63 : 2925.93

3, 99 : 2911.23

1, 62 : 2908.75

3, 186 : 2897.58

66 : 2864.98

1, 92 : 2861.72

8, 62 : 2858.85

102 : 2857.12

1, 81 : 2854.19

80 : 2850.98

335 : 2834.59

8, 173 : 2833.89

3, 59 : 2819.43

3, 217 : 2816.9

1, 63 : 2809.35

33, 42 : 2796.69

3, 89 : 2793.38

35, 109 : 2765.04

258 : 2751.36

130 : 2750.03

69 : 2733.11

35, 37 : 2731.94

1, 11 : 2731.18

42, 65 : 2730.61

9, 92 : 2716.78

1, 70 : 2705.51

3, 19 : 2695.18

106 : 2695.04

3, 12 : 2694.86

3, 242 : 2693.64

155 : 2691.35

144 : 2687.0

3, 194 : 2681.27

1, 53 : 2680.12

35, 81 : 2678.37

216 : 2670.54

8, 70 : 2660.81

33, 10 : 2655.04

8, 92 : 2654.82

119 : 2650.07

197 : 2630.78

90 : 2626.02

21 : 2620.51

3, 184 : 2610.79

205 : 2592.98

196 : 2586.82

209 : 2585.73

3, 156 : 2585.53

231 : 2577.45

123 : 2567.44

10, 81 : 2562.83

3, 222 : 2561.89

9, 70 : 2560.4

397 : 2557.45

8, 37 : 2555.76

35, 233 : 2553.88

1, 37 : 2539.38

3, 136 : 2539.18

336 : 2526.45

3, 246 : 2516.87

3, 210 : 2497.52

347 : 2494.74

333 : 2490.81

30, 92 : 2485.4

35, 98 : 2484.03

91 : 2479.43

10, 34 : 2475.04

72 : 2470.88

337 : 2466.63

9, 11 : 2446.95

35, 92 : 2443.23

30, 36 : 2434.04

42, 62 : 2432.1

172, 229 : 2428.91

30, 34 : 2424.12

35, 89 : 2413.57

35, 70 : 2398.55

8, 61 : 2397.66

158 : 2396.88

34, 62 : 2395.3

35, 229 : 2385.1

10, 53 : 2369.03

35, 194 : 2360.78

35, 60 : 2358.51

30, 33 : 2357.0

3, 251 : 2352.13

3, 29 : 2350.46

3, 32 : 2349.78

30, 70 : 2342.54

299 : 2337.21

34, 65 : 2336.7

377 : 2334.71

3, 161 : 2304.46

3, 146 : 2291.79

3, 227 : 2288.54

3, 307 : 2287.21

1, 86 : 2283.84

8, 139 : 2281.42

1, 61 : 2280.04

3, 24 : 2277.11

65, 62 : 2273.32

8, 16 : 2268.19

42, 53 : 2255.1

20 : 2232.04

8, 98 : 2229.24

11, 86 : 2222.98

8, 74 : 2213.21

3, 18 : 2211.54

267 : 2208.12

78 : 2207.19

3, 68 : 2195.98

409 : 2190.69

383 : 2188.38

10, 37 : 2168.02

42, 23 : 2166.06

3, 273 : 2163.88

42, 37 : 2162.84

3, 104 : 2162.06

298 : 2159.72

8, 246 : 2158.93

236 : 2150.87

5 : 2140.61

10, 65 : 2129.62

55 : 2117.31

9, 61 : 2106.6

36, 53 : 2100.54

30, 81 : 2098.95

35, 82 : 2095.73

3, 82 : 2094.47

8, 60 : 2092.71

372 : 2089.96

10, 62 : 2081.68

30, 37 : 2071.47

178 : 2070.0

3, 240 : 2068.55

63, 98 : 2060.31

349 : 2059.54

3, 306 : 2051.89

3, 137 : 2047.67

35, 173 : 2044.97

128 : 2042.46

30, 65 : 2040.91

110 : 2039.1

150 : 2031.33

33, 34 : 2028.85

30, 63 : 2028.57

894 : 2020.09

36, 81 : 2018.76

3, 334 : 2014.72

9, 172 : 1995.33

1, 172 : 1991.78

175 : 1991.49

30, 23 : 1981.64

3, 105 : 1980.72

35, 16 : 1972.32

9, 139 : 1971.93

35, 64 : 1970.2

3, 2 : 1969.13

1, 139 : 1968.69

23, 65 : 1967.42

1, 74 : 1954.32

23, 62 : 1954.12

453 : 1939.42

3, 122 : 1938.12

284 : 1937.07

8, 161 : 1934.84

3, 85 : 1929.97

42, 70 : 1921.15

1, 109 : 1915.74

3, 129 : 1903.95

172, 127 : 1890.75

10, 23 : 1889.75

30, 62 : 1879.69

147 : 1878.12

10, 63 : 1876.68

42, 63 : 1875.07

56 : 1866.1

42, 92 : 1864.45

3, 250 : 1860.55

9, 109 : 1852.87

302 : 1852.5

9, 98 : 1845.33

33, 65 : 1845.26

3, 112 : 1838.2

8, 251 : 1837.93

352 : 1837.67

114 : 1827.81

3, 268 : 1827.14

30, 53 : 1823.21

1, 98 : 1821.83

33, 37 : 1820.69

358 : 1818.32

30, 11 : 1811.78

192 : 1810.36

312 : 1800.89

157, 96 : 1800.65

332 : 1798.93

223 : 1796.76

366 : 1794.52

34, 36 : 1788.56

9, 96 : 1787.55

35, 127 : 1786.89

380 : 1786.14

35, 85 : 1780.44

1, 60 : 1777.58

15 : 1776.1

35, 17 : 1774.43

3, 95 : 1767.81

37, 65 : 1757.37

3, 79 : 1756.85

9, 86 : 1749.54

477 : 1746.37

3, 26 : 1744.08

8, 59 : 1740.99

339 : 1739.76

34, 37 : 1738.19

8, 17 : 1730.19

42, 11 : 1719.18

10, 92 : 1718.72

8, 96 : 1714.29

36, 37 : 1711.83

33, 62 : 1709.31

9, 60 : 1706.63

9, 74 : 1701.45

3, 288 : 1698.37

1, 229 : 1698.36

34, 63 : 1696.25

9, 157 : 1693.95

54 : 1689.76

33, 63 : 1688.8

3, 71 : 1681.96

8, 306 : 1680.3

8, 38 : 1675.15

8, 83 : 1674.43

1, 16 : 1665.36

8, 28 : 1662.97

34, 53 : 1660.08

33, 36 : 1659.02

283 : 1656.83

261 : 1655.99

200 : 1654.65

8, 307 : 1654.3

34, 156 : 1651.08

3, 317 : 1650.18

3, 57 : 1647.94

3, 118 : 1647.91

35, 83 : 1645.51

1, 96 : 1639.54

203 : 1635.62

35, 96 : 1633.86

8, 157 : 1633.31

3, 38 : 1633.04

36, 65 : 1631.95

121 : 1631.01

67 : 1630.04

10, 70 : 1623.31

23, 156 : 1620.83

3, 134 : 1620.45

65, 60 : 1620.23

9, 229 : 1619.21

3, 180 : 1615.93

172, 173 : 1605.05

35, 157 : 1602.26

37, 81 : 1590.58

9, 16 : 1583.34

9, 83 : 1573.6

275 : 1571.3

34, 81 : 1571.09

1, 17 : 1567.32

10, 11 : 1551.08

33, 81 : 1550.69

42, 157 : 1542.16

33, 23 : 1541.76

218 : 1538.62

407 : 1536.76

280 : 1535.19

1, 157 : 1533.4

3, 116 : 1525.52

1, 83 : 1522.06

249 : 1518.59

498 : 1517.13

35, 251 : 1516.24

3, 327 : 1506.95

214 : 1506.04

63, 23 : 1506.03

30, 61 : 1504.76

8, 222 : 1501.17

3, 43 : 1499.43

8, 217 : 1497.84

33, 11 : 1496.15

3, 164 : 1495.62

36, 62 : 1495.18

33, 53 : 1493.49

34, 184 : 1493.07

96, 47 : 1491.85

9, 17 : 1490.32

8, 64 : 1483.38

450 : 1477.78

141 : 1476.41

115 : 1475.63

3, 215 : 1474.1

35, 240 : 1473.57

65, 81 : 1466.0

44 : 1454.87

3, 0 : 1453.51

77 : 1448.22

34, 11 : 1447.55

23, 184 : 1446.21

8, 233 : 1444.5

8, 47 : 1444.04

37, 62 : 1439.88

42, 61 : 1435.17

42, 96 : 1427.76

9, 47 : 1412.44

3, 76 : 1411.08

8, 240 : 1406.98

322 : 1405.94

81, 53 : 1402.95

369 : 1400.15

111 : 1394.24

230 : 1392.46

10, 61 : 1387.6

142 : 1387.01

10, 139 : 1385.29

3, 143 : 1384.07

8, 241 : 1383.69

3, 320 : 1383.67

9, 127 : 1382.11

3, 7 : 1379.73

23, 53 : 1379.19

3, 14 : 1378.1

36, 23 : 1377.53

65, 53 : 1376.44

42, 172 : 1376.02

263 : 1375.62

109, 173 : 1373.12

3, 94 : 1371.66

1, 99 : 1368.58

81, 62 : 1368.44

97 : 1367.99

34, 92 : 1359.96

253 : 1358.69

1, 127 : 1358.62

3, 326 : 1348.16

193 : 1347.73

1, 233 : 1347.5

30, 86 : 1344.01

35, 59 : 1340.62

35, 47 : 1338.2

8, 194 : 1331.58

34, 70 : 1324.07

65, 11 : 1321.47

9, 99 : 1321.16

8, 12 : 1321.11

3, 168 : 1320.42

1, 12 : 1320.2

1, 47 : 1319.53

3, 132 : 1317.93

157, 47 : 1313.25

1, 64 : 1310.51

225 : 1310.25

3, 69 : 1308.24

3, 206 : 1303.77

42, 109 : 1299.48

30, 96 : 1298.95

62, 53 : 1293.7

37, 53 : 1293.69

30, 109 : 1291.65

8, 99 : 1290.24

10, 172 : 1285.15

340 : 1284.12

3, 255 : 1276.76

30, 98 : 1276.63

274 : 1274.95

265 : 1273.5

36, 63 : 1273.2

3, 125 : 1270.25

42, 86 : 1270.19

3, 289 : 1268.91

172, 53 : 1264.9

503 : 1262.86

36, 70 : 1262.68

8, 145 : 1262.09

35, 270 : 1258.71

35, 242 : 1258.15

34, 145 : 1257.5

245 : 1254.56

8, 0 : 1253.64

42, 60 : 1253.24

30, 172 : 1252.86

36, 92 : 1248.68

42, 139 : 1247.69

42, 47 : 1247.12

33, 70 : 1246.15

3, 191 : 1240.02

8, 268 : 1238.87

3, 102 : 1237.01

36, 11 : 1235.73

1, 194 : 1235.56

35, 19 : 1234.3

33, 60 : 1232.0

3, 66 : 1231.69

3, 282 : 1230.65

290 : 1229.86

70, 92 : 1228.65

35, 217 : 1228.25

30, 139 : 1227.64

63, 92 : 1227.43

103 : 1226.06

30, 74 : 1223.95

202 : 1221.04

30, 60 : 1220.26

23, 11 : 1218.11

30, 16 : 1217.02

8, 242 : 1216.33

172, 246 : 1215.24

356 : 1215.1

62, 11 : 1213.17

35, 12 : 1211.7

10, 109 : 1211.39

42, 229 : 1210.22

33, 86 : 1210.07

63, 65 : 1209.88

30, 157 : 1207.32

301 : 1205.3

10, 98 : 1205.08

149 : 1204.84

34, 98 : 1204.47

248 : 1203.15

23, 81 : 1202.81

9, 12 : 1201.31

109, 229 : 1198.31

8, 186 : 1196.46

1, 222 : 1195.41

35, 145 : 1194.08

8, 79 : 1193.83

10, 74 : 1193.32

62, 60 : 1191.98

34, 12 : 1191.87

131 : 1187.09

8, 270 : 1186.44

34, 157 : 1186.28

3, 257 : 1185.66

3, 209 : 1185.13

33, 92 : 1182.65

42, 74 : 1182.08

3, 258 : 1182.01

351 : 1178.96

181 : 1173.97

535 : 1172.88

3, 152 : 1172.39

411 : 1172.3

403 : 1171.04

63, 11 : 1169.77

81, 92 : 1169.52

35, 306 : 1168.52

8, 89 : 1164.16

35, 241 : 1161.4

367 : 1157.52

63, 62 : 1156.97

30, 99 : 1156.22

33, 74 : 1156.11

3, 281 : 1155.31

3, 119 : 1154.18

23, 12 : 1153.14

117 : 1150.33

23, 92 : 1149.81

81, 70 : 1149.47

3, 216 : 1144.72

42, 98 : 1140.39

266 : 1140.32

34, 139 : 1140.22

3, 335 : 1139.73

176 : 1135.6

396 : 1134.56

9, 233 : 1134.21

9, 136 : 1133.3

33, 61 : 1132.93

63, 139 : 1131.75

9, 18 : 1131.51

9, 222 : 1130.94

65, 92 : 1130.77

3, 91 : 1130.17

304 : 1128.95

33, 172 : 1127.57

172, 161 : 1126.88

11, 61 : 1126.57

3, 58 : 1125.78

65, 70 : 1121.93

3, 347 : 1121.84

33, 139 : 1121.06

34, 96 : 1120.73

9, 64 : 1120.43

34, 61 : 1117.33

63, 81 : 1113.94

8, 273 : 1111.75

3, 80 : 1110.45

37, 23 : 1109.51

35, 57 : 1107.94

1, 173 : 1106.1

10, 86 : 1106.1

201 : 1105.28

172, 251 : 1104.74

8, 19 : 1103.64

3, 197 : 1101.45

35, 184 : 1101.09

42, 16 : 1097.41

10, 96 : 1092.73

448 : 1092.16

96, 95 : 1090.86

305 : 1090.73

1, 241 : 1089.9

8, 18 : 1088.54

3, 21 : 1087.68

53, 109 : 1087.05

30, 17 : 1086.54

42, 83 : 1085.76

34, 60 : 1084.02

9, 241 : 1083.26

3, 144 : 1082.22

3, 123 : 1080.78

198 : 1079.64

30, 229 : 1079.19

10, 83 : 1076.82

1, 19 : 1076.61

3, 231 : 1076.34

376 : 1075.4

3, 397 : 1072.61

3, 31 : 1071.79

23, 98 : 1071.65

167 : 1070.84

3, 337 : 1069.32

35, 125 : 1068.3

81, 11 : 1067.32

42, 17 : 1066.73

1, 210 : 1066.22

35, 222 : 1064.92

9, 242 : 1063.62

30, 83 : 1063.37

9, 270 : 1062.07

3, 205 : 1060.81

9, 227 : 1059.77

33, 98 : 1059.39

9, 173 : 1059.17

35, 161 : 1058.3

8, 68 : 1057.82

8, 158 : 1057.55

64, 19 : 1054.81

1, 18 : 1054.05

3, 72 : 1053.38

23, 70 : 1053.06

1, 137 : 1051.91

10, 229 : 1051.35

3, 155 : 1050.7

63, 70 : 1048.65

229, 173 : 1048.33

35, 268 : 1048.31

35, 99 : 1047.06

9, 145 : 1046.78

33, 16 : 1045.0

8, 210 : 1044.9

10, 60 : 1044.82

35, 246 : 1043.71

1, 145 : 1042.4

36, 61 : 1042.39

62, 70 : 1042.27

10, 157 : 1041.74

3, 336 : 1041.03

42, 99 : 1036.26

35, 2 : 1034.4

34, 86 : 1031.41

3, 148 : 1029.03

63, 53 : 1027.08

384 : 1020.28

30, 47 : 1019.92

63, 61 : 1019.45

30, 210 : 1018.94

663 : 1018.8

42, 12 : 1014.88

187 : 1014.24

8, 209 : 1012.73

62, 92 : 1011.25

75 : 1011.03

3, 298 : 1010.2

35, 307 : 1008.47

34, 47 : 1005.82

291 : 1005.35

37, 60 : 1004.09

9, 186 : 1003.87

1, 242 : 1002.86

10, 16 : 1001.67

1, 273 : 1000.89

53, 70 : 1000.29

107 : 1000.0

341 : 998.8

65, 61 : 994.85

9, 194 : 994.35

35, 68 : 994.01

53, 92 : 993.46

3, 196 : 992.29

62, 61 : 990.67

8, 184 : 987.75

279 : 985.88

11, 92 : 981.96

3, 333 : 981.88

35, 104 : 981.46

3, 20 : 981.35

34, 172 : 980.69

3, 90 : 980.0

35, 186 : 979.87

62, 139 : 979.05

3, 158 : 978.38

35, 210 : 978.26

35, 18 : 977.9

37, 92 : 977.35

3, 5 : 976.16

36, 172 : 975.12

74, 233 : 974.83

3, 130 : 973.34

9, 210 : 973.12

1, 59 : 972.85

1, 270 : 971.13

8, 137 : 970.95

8, 29 : 970.33

9, 32 : 969.85

37, 70 : 969.18

1, 186 : 964.88

86, 79 : 961.67

109, 251 : 960.76

1, 29 : 960.58

458 : 958.78

3, 55 : 957.54

3, 106 : 957.16

36, 109 : 957.13

35, 79 : 955.52

34, 74 : 955.15

23, 96 : 954.0

65, 157 : 953.36

3, 349 : 952.82

172, 306 : 951.65

3, 78 : 950.17

30, 29 : 947.96

33, 109 : 947.14

16, 17 : 945.28

61, 194 : 945.25

3, 383 : 943.51

9, 273 : 941.41

3, 236 : 939.83

269 : 938.51

229, 127 : 938.49

35, 273 : 937.41

11, 74 : 937.14

3, 372 : 936.81

8, 227 : 936.35

1, 68 : 935.55

8, 85 : 934.56

42, 127 : 934.3

316 : 934.08

234 : 932.96

252 : 931.9

65, 139 : 931.67

8, 104 : 931.59

11, 70 : 931.4

3, 409 : 930.52

23, 61 : 929.72

=============  TOP-K UFPs v1.20 - STATS =============
 Transactions count from database : 515596
 Candidates count : 194524
 Maximum memory usage : 437.8759765625 mb
 Total time ~ 290740 ms
===================================================
