29 : 1617.21

58 : 1604.12

52 : 1586.97

60 : 1582.47

40 : 1580.68

36 : 1557.48

7 : 1552.73

66 : 1548.2

62 : 1538.69

56 : 1510.55

34 : 1493.45

48 : 1488.34

9 : 1458.46

5 : 1458.09

3 : 1442.97

25 : 1418.39

42 : 1382.7

64 : 1330.69

44 : 1327.76

31 : 1282.9

46 : 1272.86

17 : 1226.52

74 : 1196.76

72 : 1163.85

21 : 1102.6

54 : 1089.99

38 : 1089.81

27 : 1088.36

11 : 1062.84

50 : 1011.86

68 : 1005.44

70 : 993.64

15 : 988.46

19 : 984.0

23 : 891.15

13 : 869.89

1 : 816.91

29, 58 : 813.29

29, 52 : 808.9

29, 60 : 803.28

29, 40 : 801.6

58, 40 : 795.75

58, 60 : 795.72

58, 52 : 793.78

29, 7 : 789.88

58, 7 : 785.03

52, 60 : 784.89

29, 36 : 783.6

52, 40 : 783.3

29, 66 : 782.75

58, 66 : 782.14

29, 62 : 779.63

60, 40 : 779.09

58, 36 : 777.46

40, 62 : 777.21

52, 36 : 777.15

2 : 776.98

40, 36 : 775.32

40, 66 : 773.24

60, 66 : 773.0

58, 62 : 772.23

60, 62 : 772.07

29, 56 : 770.72

60, 7 : 770.46

52, 62 : 766.79

40, 7 : 766.47

52, 7 : 766.26

52, 66 : 764.51

60, 36 : 762.61

36, 7 : 758.93

58, 56 : 757.06

29, 34 : 755.96

7, 66 : 755.51

52, 56 : 752.98

58, 34 : 749.24

66, 62 : 747.69

36, 66 : 746.93

58, 48 : 746.83

36, 62 : 746.18

60, 48 : 745.91

7, 62 : 745.39

29, 9 : 743.24

62, 56 : 742.76

29, 48 : 742.55

40, 56 : 742.47

36, 48 : 742.31

14 : 742.23

52, 34 : 742.13

60, 56 : 739.45

40, 34 : 739.37

52, 48 : 737.82

66, 56 : 737.5

29, 5 : 735.63

7, 56 : 734.49

60, 34 : 733.2

58, 9 : 733.19

29, 3 : 731.87

36, 56 : 731.48

36, 34 : 730.72

66, 34 : 729.54

40, 48 : 728.48

66, 48 : 727.75

58, 5 : 727.53

52, 9 : 726.13

60, 5 : 725.47

60, 9 : 724.2

60, 3 : 723.88

29, 25 : 723.31

52, 3 : 722.64

58, 3 : 722.61

58, 25 : 722.32

40, 5 : 721.93

7, 48 : 720.96

62, 34 : 718.56

62, 48 : 716.53

7, 34 : 715.92

7, 9 : 715.55

52, 5 : 714.0

7, 3 : 713.65

40, 9 : 713.64

36, 5 : 712.28

7, 5 : 711.07

66, 5 : 710.14

62, 5 : 707.99

60, 25 : 706.43

36, 3 : 706.37

66, 9 : 705.63

62, 9 : 705.27

56, 9 : 704.76

56, 34 : 702.97

36, 9 : 700.72

62, 3 : 699.84

29, 42 : 699.67

40, 25 : 699.57

36, 25 : 698.04

40, 3 : 696.39

66, 3 : 696.37

52, 25 : 695.48

34, 5 : 695.24

34, 48 : 695.08

56, 48 : 694.46

24 : 694.41

56, 3 : 690.43

62, 25 : 689.36

56, 5 : 688.93

52, 42 : 688.84

66, 25 : 688.54

7, 25 : 687.76

58, 42 : 683.73

60, 42 : 682.06

34, 9 : 679.24

48, 5 : 679.18

66, 42 : 677.93

40, 42 : 676.6

34, 3 : 674.18

48, 25 : 673.21

29, 64 : 672.59

9, 5 : 671.2

58, 44 : 670.61

58, 64 : 670.44

56, 25 : 669.63

29, 44 : 668.46

36, 42 : 668.27

48, 3 : 667.07

40, 64 : 663.99

9, 3 : 663.93

7, 42 : 663.69

48, 9 : 663.27

5, 3 : 662.75

34, 25 : 661.6

40, 44 : 661.27

62, 42 : 659.97

52, 64 : 658.17

60, 44 : 655.82

62, 44 : 651.13

52, 44 : 651.05

7, 44 : 650.84

66, 64 : 650.16

60, 64 : 649.08

48, 42 : 648.87

29, 31 : 647.53

5, 25 : 647.38

56, 42 : 647.18

36, 44 : 643.75

58, 31 : 643.19

34, 42 : 643.18

62, 64 : 642.0

36, 64 : 641.96

3, 25 : 641.91

52, 31 : 641.4

7, 64 : 640.95

9, 25 : 638.09

66, 44 : 637.63

29, 46 : 636.97

60, 31 : 636.67

40, 31 : 635.66

5, 42 : 634.74

52, 46 : 631.76

9, 42 : 631.54

56, 44 : 631.51

58, 46 : 631.13

42, 64 : 630.77

34, 64 : 630.74

40, 46 : 630.15

58, 17 : 629.25

60, 46 : 628.24

34, 44 : 628.1

36, 31 : 627.29

7, 31 : 626.41

66, 46 : 624.74

66, 31 : 622.3

29, 17 : 621.77

3, 42 : 619.31

62, 46 : 619.26

51 : 618.53

56, 64 : 618.5

36, 46 : 617.45

48, 64 : 616.75

62, 31 : 616.03

7, 46 : 615.48

5, 44 : 614.72

48, 44 : 614.22

5, 64 : 614.05

3, 31 : 613.78

56, 31 : 612.41

9, 44 : 612.36

3, 64 : 610.96

20 : 610.38

52, 17 : 609.56

29, 74 : 609.01

9, 64 : 606.81

58, 74 : 605.95

69 : 605.35

40, 17 : 605.02

7, 17 : 604.23

36, 17 : 602.06

66, 72 : 601.78

25, 42 : 600.62

60, 17 : 598.34

34, 31 : 597.68

52, 74 : 597.42

56, 46 : 596.73

71 : 596.67

40, 74 : 594.23

66, 17 : 594.21

62, 74 : 592.72

34, 46 : 592.35

25, 44 : 591.3

48, 31 : 590.43

42, 31 : 590.39

60, 74 : 590.18

60, 72 : 589.65

62, 17 : 589.08

36, 74 : 588.22

56, 74 : 588.22

48, 46 : 587.99

29, 72 : 587.71

52, 72 : 586.86

9, 31 : 586.8

25, 64 : 586.79

5, 31 : 586.4

3, 44 : 586.25

5, 46 : 581.38

56, 17 : 578.85

7, 74 : 578.44

16 : 578.29

58, 72 : 577.46

42, 44 : 577.11

9, 46 : 576.53

64, 44 : 574.74

3, 46 : 572.19

34, 17 : 571.38

66, 74 : 570.37

9, 17 : 568.87

40, 72 : 567.07

25, 31 : 566.94

25, 46 : 566.25

48, 17 : 566.19

3, 17 : 565.9

64, 31 : 564.5

62, 72 : 563.96

34, 74 : 561.8

34, 72 : 561.28

7, 72 : 561.01

42, 46 : 559.64

3, 72 : 558.42

29, 21 : 557.14

9, 74 : 556.9

58, 54 : 554.42

5, 74 : 553.11

42, 72 : 552.28

36, 72 : 552.02

48, 74 : 551.57

58, 21 : 551.46

40, 54 : 549.74

48, 72 : 549.42

58, 38 : 548.58

40, 21 : 548.53

29, 54 : 548.26

60, 21 : 547.96

56, 72 : 547.58

60, 38 : 547.09

58, 27 : 546.66

29, 38 : 545.53

7, 21 : 545.48

29, 27 : 545.47

36, 21 : 545.15

44, 31 : 542.33

64, 46 : 542.19

52, 54 : 541.86

12 : 541.6

52, 21 : 541.0

60, 27 : 540.74

60, 54 : 539.62

62, 38 : 539.36

25, 74 : 539.15

40, 38 : 537.97

66, 21 : 537.63

5, 17 : 537.59

25, 17 : 537.19

52, 38 : 536.51

40, 27 : 535.03

58, 11 : 534.92

29, 11 : 533.31

64, 72 : 533.14

5, 72 : 532.24

36, 27 : 531.73

7, 54 : 531.48

7, 27 : 531.09

62, 54 : 530.52

44, 46 : 530.21

52, 27 : 530.0

42, 17 : 529.67

60, 11 : 529.32

3, 74 : 529.12

7, 38 : 527.84

66, 38 : 527.66

56, 38 : 526.13

66, 27 : 525.91

62, 21 : 524.51

5, 38 : 523.06

56, 21 : 522.84

52, 11 : 522.8

9, 72 : 522.25

66, 54 : 521.75

56, 54 : 521.61

36, 54 : 521.46

40, 11 : 521.28

31, 46 : 520.75

36, 38 : 517.62

62, 27 : 516.79

29, 68 : 516.52

34, 54 : 514.49

29, 50 : 513.38

48, 21 : 513.07

36, 11 : 512.91

7, 50 : 512.18

25, 72 : 510.99

48, 27 : 510.4

56, 27 : 510.03

58, 68 : 509.32

7, 11 : 509.09

58, 70 : 508.66

31, 72 : 508.55

9, 21 : 508.44

62, 11 : 508.41

31, 17 : 508.11

48, 38 : 507.86

34, 38 : 507.56

9, 11 : 507.52

5, 54 : 506.11

44, 74 : 505.05

62, 50 : 505.02

34, 27 : 504.56

34, 21 : 504.36

5, 21 : 504.25

9, 38 : 504.1

58, 50 : 502.42

66, 11 : 501.64

56, 11 : 501.58

9, 27 : 501.25

29, 70 : 501.08

48, 54 : 501.02

40, 50 : 500.56

29, 19 : 500.09

60, 50 : 500.03

40, 70 : 499.45

52, 68 : 499.13

3, 27 : 498.42

55 : 498.27

56, 68 : 498.22

60, 68 : 496.51

64, 17 : 496.33

60, 15 : 496.18

9, 54 : 495.81

25, 54 : 495.79

58, 19 : 495.61

7, 70 : 494.63

42, 38 : 494.53

52, 50 : 494.2

34, 11 : 493.83

40, 15 : 492.17

3, 21 : 492.15

52, 15 : 491.69

42, 74 : 491.56

52, 70 : 491.24

66, 15 : 490.89

62, 68 : 490.78

3, 38 : 490.24

7, 68 : 489.9

39 : 489.87

58, 15 : 489.75

3, 11 : 489.35

29, 15 : 489.14

28 : 488.94

60, 70 : 488.62

62, 70 : 488.03

66, 50 : 487.04

52, 19 : 486.15

36, 50 : 485.77

44, 38 : 485.63

46, 19 : 485.47

40, 68 : 484.71

64, 38 : 484.48

5, 27 : 484.23

36, 19 : 483.25

44, 72 : 483.18

74, 54 : 483.11

36, 68 : 482.59

25, 38 : 482.44

7, 15 : 482.41

25, 27 : 482.29

17, 19 : 481.71

40, 19 : 481.35

34, 50 : 481.19

25, 21 : 480.76

22 : 479.87

66, 68 : 479.7

66, 70 : 478.78

56, 50 : 478.6

5, 70 : 477.86

44, 17 : 477.06

42, 21 : 476.95

56, 70 : 476.36

9, 70 : 476.15

34, 68 : 476.02

44, 21 : 475.66

34, 70 : 475.59

36, 15 : 475.44

60, 19 : 474.83

5, 11 : 474.47

7, 19 : 474.46

48, 11 : 474.27

44, 54 : 474.06

5, 50 : 472.91

34, 15 : 471.34

66, 19 : 470.92

46, 72 : 470.21

46, 17 : 468.89

62, 19 : 468.87

17, 15 : 467.91

3, 54 : 467.46

9, 50 : 467.3

3, 70 : 467.17

56, 19 : 466.99

36, 70 : 466.88

46, 74 : 466.66

3, 50 : 465.93

5, 68 : 465.36

62, 15 : 464.37

17, 21 : 463.27

64, 74 : 462.22

56, 15 : 460.68

34, 19 : 460.65

48, 70 : 459.42

48, 15 : 458.88

48, 68 : 457.24

3, 19 : 455.88

48, 19 : 454.88

9, 68 : 453.67

3, 15 : 453.27

17, 74 : 452.37

48, 50 : 450.94

25, 11 : 450.19

52, 23 : 449.85

5, 19 : 449.69

29, 23 : 448.66

31, 38 : 448.58

3, 68 : 448.19

17, 11 : 447.93

9, 15 : 446.58

42, 11 : 444.79

31, 21 : 443.76

36, 23 : 443.63

25, 50 : 443.47

25, 68 : 443.32

9, 19 : 442.48

64, 21 : 441.11

31, 23 : 441.04

58, 23 : 441.01

29, 13 : 440.95

17, 72 : 440.86

42, 70 : 440.74

40, 23 : 440.14

3, 23 : 439.42

38, 70 : 439.11

52, 13 : 438.6

46, 27 : 438.57

42, 54 : 438.27

64, 23 : 437.89

42, 23 : 437.47

5, 15 : 437.39

44, 68 : 437.38

64, 70 : 436.93

40, 13 : 433.09

44, 11 : 433.04

64, 50 : 433.01

7, 23 : 432.07

60, 23 : 431.41

73 : 430.95

25, 19 : 430.5

42, 19 : 430.12

46, 54 : 430.07

42, 27 : 429.52

25, 15 : 429.24

31, 74 : 429.09

25, 70 : 428.84

42, 15 : 428.64

74, 38 : 427.91

46, 11 : 427.71

7, 13 : 427.56

44, 27 : 427.55

58, 13 : 426.63

60, 13 : 426.33

42, 50 : 425.06

42, 68 : 423.88

74, 21 : 422.37

9, 13 : 421.66

56, 23 : 420.24

34, 23 : 420.21

48, 23 : 419.98

31, 11 : 418.96

64, 68 : 418.61

64, 11 : 418.44

44, 70 : 418.27

46, 38 : 418.2

17, 27 : 418.12

56, 13 : 416.73

66, 1 : 416.68

29, 1 : 416.29

36, 13 : 415.19

64, 27 : 414.85

62, 23 : 414.37

31, 27 : 413.49

31, 50 : 413.27

58, 1 : 411.83

17, 54 : 411.27

44, 50 : 411.19

64, 19 : 410.85

74, 11 : 409.03

64, 54 : 408.82

31, 70 : 408.52

62, 13 : 408.41

52, 1 : 407.57

60, 1 : 407.1

40, 1 : 406.75

7, 1 : 406.73

66, 23 : 406.33

29, 58, 60 : 406.05

5, 23 : 405.7

74, 68 : 405.19

44, 19 : 404.74

29, 58, 52 : 403.79

72, 38 : 403.37

29, 58, 40 : 403.11

29, 52, 60 : 402.12

17, 38 : 402.08

74, 27 : 401.89

9, 23 : 401.51

31, 19 : 401.2

31, 15 : 399.33

5, 13 : 398.66

66, 13 : 398.38

72, 23 : 398.25

48, 1 : 398.06

29, 58, 7 : 398.0

29, 52, 40 : 397.56

29, 58, 66 : 397.28

34, 13 : 397.03

29, 40, 62 : 396.25

36, 1 : 396.11

17, 70 : 395.94

46, 21 : 395.73

58, 2 : 395.51

29, 60, 40 : 395.5

58, 52, 60 : 395.16

46, 15 : 394.91

29, 52, 62 : 394.87

56, 1 : 394.32

44, 2 : 394.22

46, 50 : 393.76

29, 60, 62 : 392.83

29, 52, 36 : 392.73

29, 40, 36 : 392.61

29, 52, 7 : 392.59

29, 60, 66 : 392.31

58, 52, 40 : 392.31

29, 40, 7 : 392.26

48, 13 : 391.76

29, 60, 7 : 391.69

29, 40, 66 : 391.69

58, 40, 66 : 391.54

46, 68 : 391.54

29, 58, 36 : 391.53

58, 60, 66 : 391.22

17, 68 : 391.12

75 : 391.04

29, 58, 62 : 390.4

58, 60, 40 : 390.06

58, 40, 62 : 389.94

58, 40, 7 : 389.84

34, 1 : 389.31

58, 40, 36 : 389.3

29, 52, 66 : 389.21

58, 52, 36 : 389.17

58, 60, 7 : 388.59

29, 2 : 388.3

58, 60, 62 : 388.23

58, 52, 7 : 388.17

11, 15 : 387.76

29, 52, 56 : 387.68

72, 21 : 387.33

52, 60, 40 : 386.87

54, 27 : 386.69

58, 52, 66 : 386.57

36, 2 : 386.43

62, 1 : 386.42

52, 40, 62 : 386.08

64, 15 : 385.87

58, 7, 66 : 385.81

29, 60, 36 : 385.74

60, 40, 62 : 385.62

25, 23 : 385.4

52, 40, 36 : 385.3

21, 27 : 384.98

29, 36, 7 : 384.36

3, 13 : 384.23

52, 60, 62 : 384.14

40, 2 : 384.11

74, 72 : 383.77

52, 2 : 383.58

29, 58, 56 : 383.25

60, 40, 66 : 383.14

58, 60, 36 : 382.9

74, 50 : 382.84

60, 2 : 382.13

29, 7, 66 : 381.8

52, 60, 36 : 381.75

58, 52, 62 : 381.66

74, 70 : 381.39

58, 36, 7 : 381.23

60, 40, 36 : 380.77

29, 58, 34 : 380.6

29, 62, 56 : 380.16

60, 14 : 380.12

54, 68 : 380.11

52, 40, 66 : 379.97

31, 54 : 379.92

40, 36, 62 : 379.85

60, 40, 7 : 379.81

29, 40, 56 : 379.72

52, 60, 7 : 379.59

60, 66, 62 : 379.41

52, 60, 66 : 379.37

52, 40, 7 : 379.11

29, 66, 62 : 378.26

58, 66, 62 : 378.15

29, 52, 34 : 378.08

17, 50 : 378.04

40, 66, 62 : 377.9

40, 36, 66 : 377.83

66, 14 : 377.37

5, 1 : 377.3

58, 14 : 377.27

52, 36, 7 : 377.18

29, 7, 62 : 377.13

40, 36, 7 : 376.96

29, 60, 56 : 376.93

25, 13 : 376.89

40, 7, 66 : 376.79

60, 7, 62 : 376.38

40, 7, 62 : 376.22

29, 14 : 376.2

60, 7, 66 : 376.0

58, 7, 62 : 375.95

29, 58, 48 : 375.71

29, 66, 56 : 375.69

58, 60, 48 : 375.38

29, 36, 66 : 374.38

29, 36, 62 : 374.37

58, 36, 66 : 374.37

40, 62, 56 : 373.92

52, 36, 62 : 373.9

29, 52, 9 : 373.87

46, 70 : 373.87

58, 52, 56 : 373.77

29, 7, 56 : 373.73

62, 2 : 373.15

29, 40, 34 : 373.05

52, 14 : 372.95

29, 58, 9 : 372.83

29, 60, 34 : 372.73

58, 36, 48 : 372.66

54, 11 : 372.56

52, 7, 62 : 372.23

58, 66, 56 : 372.14

60, 36, 7 : 372.04

58, 36, 62 : 371.88

58, 40, 34 : 371.62

58, 62, 56 : 371.33

52, 66, 62 : 371.26

29, 60, 48 : 371.15

58, 66, 34 : 371.0

29, 7, 9 : 370.99

29, 36, 56 : 370.98

58, 7, 56 : 370.79

52, 60, 56 : 370.62

58, 60, 56 : 370.52

58, 52, 34 : 370.49

58, 40, 56 : 370.49

31, 68 : 370.47

52, 36, 66 : 370.44

21, 54 : 370.29

58, 52, 48 : 370.19

29, 52, 48 : 370.15

62, 14 : 370.04

52, 62, 56 : 370.03

29, 60, 3 : 369.99

29, 36, 48 : 369.85

27, 11 : 369.68

54, 38 : 369.32

52, 7, 66 : 369.22

52, 60, 48 : 369.16

29, 60, 9 : 369.06

52, 40, 56 : 368.83

36, 14 : 368.83

60, 36, 62 : 368.78

46, 23 : 368.71

58, 60, 34 : 368.52

60, 62, 56 : 368.45

52, 36, 48 : 368.39

29, 58, 5 : 368.23

40, 14 : 368.09

29, 60, 5 : 368.02

58, 40, 48 : 368.01

60, 66, 48 : 367.81

60, 36, 48 : 367.79

58, 66, 48 : 367.76

38, 50 : 367.61

29, 66, 34 : 367.44

3, 1 : 367.34

36, 7, 66 : 367.26

40, 66, 56 : 367.09

29, 52, 3 : 367.02

29, 58, 3 : 366.96

15, 19 : 366.82

29, 58, 25 : 366.77

29, 66, 48 : 366.75

52, 36, 56 : 366.39

60, 62, 48 : 366.36

29, 36, 34 : 366.26

44, 15 : 366.18

52, 66, 56 : 366.06

40, 66, 34 : 366.01

60, 36, 66 : 365.82

29, 40, 48 : 365.56

11, 19 : 365.49

72, 19 : 365.26

40, 62, 34 : 364.91

29, 52, 5 : 364.74

29, 56, 9 : 364.62

58, 52, 9 : 364.58

66, 24 : 364.49

60, 40, 48 : 364.48

58, 60, 9 : 364.43

52, 60, 34 : 364.38

52, 40, 34 : 364.35

66, 62, 56 : 364.27

29, 40, 5 : 364.01

29, 62, 34 : 363.8

29, 40, 9 : 363.77

58, 7, 48 : 363.76

72, 70 : 363.65

7, 2 : 363.64

29, 60, 25 : 363.62

72, 50 : 363.62

60, 66, 56 : 363.37

9, 1 : 363.24

58, 36, 34 : 363.03

52, 60, 3 : 362.89

52, 7, 56 : 362.88

40, 36, 34 : 362.83

40, 36, 48 : 362.78

7, 62, 56 : 362.71

7, 66, 62 : 362.6

52, 40, 48 : 362.57

58, 60, 3 : 362.56

52, 36, 34 : 362.46

58, 52, 3 : 362.33

72, 68 : 362.27

40, 36, 56 : 362.2

60, 66, 34 : 362.17

58, 60, 25 : 362.16

58, 7, 34 : 362.11

7, 66, 56 : 362.09

29, 62, 9 : 362.05

58, 36, 56 : 362.04

58, 60, 5 : 361.96

36, 7, 62 : 361.88

60, 40, 34 : 361.85

40, 7, 56 : 361.57

60, 40, 56 : 361.51

21, 68 : 361.43

58, 62, 34 : 361.27

29, 7, 48 : 361.23

29, 7, 34 : 361.17

60, 7, 48 : 361.13

60, 7, 56 : 361.08

60, 7, 3 : 361.08

29, 7, 3 : 360.89

42, 13 : 360.87

58, 62, 48 : 360.67

40, 66, 48 : 360.27

58, 7, 9 : 360.12

21, 38 : 360.1

58, 7, 5 : 360.09

29, 66, 5 : 360.03

29, 7, 5 : 360.02

58, 40, 5 : 359.66

56, 2 : 359.64

36, 7, 48 : 359.48

52, 66, 34 : 359.34

60, 40, 5 : 359.12

72, 27 : 359.11

58, 7, 3 : 359.03

29, 52, 25 : 358.98

58, 66, 9 : 358.98

52, 62, 48 : 358.9

44, 23 : 358.9

38, 11 : 358.89

29, 56, 34 : 358.83

52, 62, 34 : 358.52

36, 66, 48 : 358.47

36, 62, 48 : 358.45

29, 66, 9 : 358.4

36, 62, 56 : 358.26

40, 62, 48 : 358.14

52, 60, 9 : 357.96

58, 24 : 357.88

60, 62, 5 : 357.88

72, 11 : 357.87

29, 62, 3 : 357.82

21, 11 : 357.82

44, 13 : 357.7

29, 62, 48 : 357.67

36, 66, 62 : 357.65

72, 15 : 357.61

60, 62, 3 : 357.57

60, 62, 34 : 357.52

58, 40, 9 : 357.39

60, 7, 9 : 357.32

38, 68 : 357.21

74, 19 : 357.12

27, 50 : 357.08

29, 36, 5 : 357.02

40, 66, 5 : 356.89

58, 52, 5 : 356.81

60, 36, 34 : 356.74

52, 40, 9 : 356.72

52, 66, 48 : 356.47

36, 7, 56 : 356.42

58, 36, 25 : 356.29

17, 1 : 356.28

58, 66, 5 : 356.23

40, 62, 5 : 356.2

58, 56, 9 : 356.09

60, 66, 5 : 355.66

25, 1 : 355.57

29, 40, 25 : 355.47

29, 36, 3 : 355.32

29, 36, 9 : 355.29

7, 14 : 355.29

58, 36, 5 : 355.18

40, 36, 5 : 354.88

48, 14 : 354.85

36, 66, 56 : 354.83

60, 7, 5 : 354.82

52, 36, 3 : 354.65

52, 7, 48 : 354.64

29, 62, 5 : 354.63

=============  TOP-K UFPs v1.20 - STATS =============
 Transactions count from database : 3196
 Candidates count : 50545
 Maximum memory usage : 29.19487762451172 mb
 Total time ~ 5301 ms
===================================================
