minUtil: 388198.62
52, 40, 48 : 362.57 : 390079

29, 52, 60, 40 : 196.66 : 424387

29, 52, 40, 7 : 194.47 : 398827

29, 52, 40, 66 : 192.66 : 408151

29, 52, 40, 56 : 189.75 : 407933

52, 60, 40, 7 : 188.2 : 392937

52, 60, 40, 66 : 187.68 : 408312

29, 60, 40, 34 : 183.6 : 407508

29, 40, 66, 34 : 183.39 : 392931

29, 52, 40, 34 : 183.33 : 444089

58, 52, 40, 34 : 182.73 : 394008

58, 52, 40, 48 : 182.6 : 406382

29, 60, 40, 48 : 182.43 : 420848

29, 52, 40, 48 : 182.14 : 454215

52, 60, 40, 48 : 182.1 : 451829

29, 40, 66, 48 : 182.08 : 405992

52, 60, 40, 56 : 181.99 : 402825

60, 40, 66, 48 : 180.95 : 406016

60, 40, 66, 34 : 180.55 : 392458

52, 40, 62, 48 : 180.04 : 389145

52, 40, 36, 48 : 179.62 : 402660

52, 60, 40, 34 : 179.37 : 437558

52, 40, 66, 34 : 178.91 : 422033

29, 40, 7, 48 : 177.07 : 392867

29, 40, 56, 34 : 176.48 : 391972

52, 40, 66, 48 : 175.95 : 435319

60, 40, 7, 48 : 175.67 : 389438

52, 40, 7, 48 : 173.15 : 421908

52, 40, 7, 34 : 172.31 : 412062

40, 66, 34, 48 : 171.99 : 417092

52, 40, 56, 34 : 171.39 : 421357

29, 40, 34, 48 : 171.26 : 434890

60, 40, 34, 48 : 170.47 : 431134

29, 40, 56, 48 : 169.25 : 399202

52, 40, 34, 48 : 168.15 : 463253

52, 40, 34, 5 : 168.0 : 406734

52, 40, 56, 48 : 167.12 : 429601

60, 40, 56, 48 : 166.21 : 396706

52, 40, 34, 3 : 164.16 : 393677

52, 40, 48, 5 : 162.69 : 406943

40, 7, 34, 48 : 161.98 : 403039

52, 40, 48, 3 : 160.08 : 403121

40, 34, 48, 5 : 159.36 : 397545

40, 56, 34, 48 : 157.93 : 409897

29, 52, 60, 40, 62 : 100.27 : 423736

29, 58, 60, 40, 66 : 98.04 : 393650

29, 52, 40, 7, 62 : 97.99 : 398324

29, 58, 52, 40, 7 : 97.7 : 415327

29, 58, 52, 60, 40 : 97.63 : 441356

29, 58, 52, 40, 66 : 97.4 : 424441

29, 52, 40, 62, 56 : 97.19 : 411985

29, 52, 60, 40, 7 : 96.42 : 458811

29, 52, 40, 66, 62 : 96.23 : 407194

29, 52, 60, 40, 36 : 95.71 : 427367

58, 52, 60, 40, 7 : 95.23 : 409271

29, 52, 60, 40, 66 : 95.18 : 473607

29, 52, 40, 36, 7 : 94.94 : 401934

58, 52, 60, 40, 66 : 94.71 : 424646

29, 60, 40, 7, 66 : 94.66 : 411139

58, 52, 40, 7, 66 : 94.34 : 393027

52, 60, 40, 7, 62 : 94.25 : 392263

29, 52, 40, 7, 66 : 94.12 : 440911

29, 58, 40, 66, 48 : 93.75 : 421567

29, 52, 40, 36, 66 : 93.62 : 410486

29, 58, 40, 66, 34 : 93.57 : 408634

29, 52, 60, 40, 56 : 93.48 : 466669

52, 60, 40, 66, 62 : 93.31 : 407456

29, 52, 40, 62, 48 : 92.91 : 450550

29, 52, 40, 66, 56 : 92.78 : 447749

29, 40, 7, 66, 56 : 92.37 : 390086

29, 52, 40, 62, 34 : 92.16 : 442789

29, 52, 40, 7, 56 : 92.12 : 443362

29, 58, 60, 40, 34 : 92.09 : 423805

29, 58, 60, 40, 48 : 92.05 : 437028

29, 60, 40, 62, 34 : 92.01 : 407537

52, 60, 40, 62, 56 : 91.96 : 406881

29, 52, 40, 36, 56 : 91.95 : 410189

29, 60, 40, 62, 48 : 91.94 : 418791

29, 58, 52, 40, 56 : 91.87 : 424144

58, 52, 60, 40, 48 : 91.71 : 468006

52, 60, 40, 36, 7 : 91.68 : 395832

29, 60, 40, 7, 56 : 91.67 : 406934

58, 60, 40, 66, 48 : 91.62 : 421635

52, 60, 40, 62, 48 : 91.62 : 448135

29, 52, 60, 40, 48 : 91.58 : 515523

29, 58, 52, 40, 48 : 91.57 : 470432

58, 60, 40, 66, 34 : 91.49 : 408185

58, 52, 40, 62, 48 : 91.48 : 404830

29, 52, 40, 7, 9 : 91.42 : 389166

29, 40, 36, 66, 48 : 91.42 : 417500

58, 52, 40, 66, 34 : 91.37 : 437689

29, 60, 40, 66, 48 : 91.2 : 468484

29, 52, 40, 36, 48 : 91.19 : 466030

52, 60, 40, 36, 66 : 91.05 : 410707

29, 58, 52, 40, 34 : 91.02 : 460507

29, 60, 40, 36, 48 : 90.99 : 432846

29, 52, 60, 40, 34 : 90.75 : 503081

29, 60, 40, 66, 34 : 90.72 : 455847

58, 52, 40, 36, 48 : 90.58 : 418828

29, 60, 40, 66, 56 : 90.54 : 417921

52, 40, 66, 62, 56 : 90.5 : 389816

29, 60, 40, 66, 5 : 90.49 : 400355

29, 52, 60, 66, 48 : 90.29 : 393695

58, 52, 40, 62, 34 : 90.26 : 394630

52, 60, 40, 7, 66 : 90.25 : 440198

29, 52, 60, 40, 9 : 90.18 : 414546

58, 52, 60, 40, 56 : 90.16 : 418916

29, 58, 40, 7, 48 : 90.13 : 408498

52, 60, 40, 36, 48 : 90.13 : 463650

60, 40, 66, 62, 48 : 90.03 : 403878

52, 60, 40, 62, 34 : 89.99 : 436101

29, 60, 40, 36, 34 : 89.93 : 409786

58, 52, 60, 40, 34 : 89.89 : 453808

58, 52, 40, 7, 56 : 89.8 : 395441

58, 52, 40, 66, 56 : 89.79 : 401330

29, 40, 62, 56, 34 : 89.61 : 396226

52, 40, 36, 62, 48 : 89.58 : 400856

29, 52, 40, 66, 34 : 89.57 : 485172

29, 40, 66, 62, 34 : 89.5 : 392846

52, 60, 40, 36, 56 : 89.43 : 404917

29, 58, 40, 7, 34 : 89.38 : 398917

29, 40, 66, 62, 48 : 89.27 : 403753

60, 40, 66, 62, 34 : 89.27 : 392473

29, 40, 36, 7, 48 : 89.25 : 404498

29, 52, 40, 36, 34 : 89.19 : 445534

29, 52, 60, 40, 3 : 89.06 : 439366

29, 52, 40, 56, 9 : 89.05 : 403628

52, 60, 40, 66, 56 : 88.97 : 447686

58, 52, 40, 66, 48 : 88.96 : 450863

29, 52, 40, 66, 48 : 88.94 : 497443

58, 52, 40, 36, 34 : 88.94 : 397139

29, 40, 7, 66, 48 : 88.93 : 435826

29, 40, 36, 66, 34 : 88.92 : 394655

29, 58, 52, 40, 5 : 88.82 : 400930

52, 60, 40, 7, 56 : 88.76 : 436584

58, 40, 7, 66, 48 : 88.68 : 390039

60, 40, 36, 66, 48 : 88.66 : 417628

29, 52, 40, 66, 5 : 88.58 : 428980

60, 40, 7, 66, 56 : 88.57 : 389077

29, 52, 60, 40, 5 : 88.55 : 442826

52, 60, 40, 66, 34 : 88.55 : 484833

58, 52, 60, 40, 3 : 88.4 : 392884

58, 52, 40, 7, 48 : 88.37 : 437490

29, 60, 40, 7, 48 : 88.18 : 452140

58, 60, 40, 7, 48 : 88.06 : 404983

29, 52, 40, 7, 48 : 88.02 : 484780

29, 52, 40, 66, 9 : 88.01 : 397976

52, 60, 40, 66, 48 : 87.99 : 497731

29, 58, 52, 40, 3 : 87.98 : 397730

52, 60, 40, 36, 34 : 87.94 : 438789

29, 52, 40, 56, 34 : 87.75 : 484644

52, 60, 40, 7, 48 : 87.72 : 480769

29, 52, 60, 40, 25 : 87.68 : 396624

52, 40, 7, 62, 48 : 87.66 : 418220

60, 40, 36, 66, 34 : 87.58 : 394215

29, 40, 7, 66, 34 : 87.54 : 424474

52, 40, 36, 66, 48 : 87.54 : 446627

29, 40, 7, 62, 48 : 87.4 : 390851

52, 40, 66, 62, 34 : 87.37 : 420478

29, 58, 40, 56, 34 : 87.29 : 407562

58, 60, 40, 7, 34 : 87.18 : 392179

29, 40, 66, 56, 34 : 87.16 : 431405

60, 40, 7, 66, 48 : 87.14 : 434961

58, 52, 40, 7, 34 : 87.13 : 427856

52, 40, 36, 66, 34 : 87.06 : 422710

58, 40, 66, 34, 48 : 86.91 : 432029

29, 60, 40, 7, 34 : 86.82 : 440454

52, 40, 66, 62, 48 : 86.75 : 431439

52, 40, 7, 66, 56 : 86.72 : 418241

29, 52, 40, 7, 3 : 86.65 : 417908

29, 52, 40, 7, 5 : 86.6 : 418004

29, 40, 62, 56, 48 : 86.55 : 402005

52, 60, 40, 66, 5 : 86.53 : 428892

29, 52, 40, 7, 34 : 86.5 : 476704

60, 40, 36, 7, 48 : 86.28 : 401027

52, 40, 62, 56, 34 : 86.22 : 424675

29, 52, 60, 34, 48 : 86.2 : 418714

60, 40, 62, 56, 48 : 86.18 : 399620

58, 52, 60, 40, 5 : 86.09 : 395109

60, 40, 7, 66, 34 : 86.09 : 423270

29, 40, 66, 34, 48 : 86.03 : 477386

60, 40, 62, 34, 48 : 85.99 : 428239

52, 40, 62, 56, 48 : 85.93 : 431371

60, 40, 66, 34, 48 : 85.89 : 476900

52, 60, 40, 7, 3 : 85.87 : 412521

29, 60, 40, 66, 3 : 85.77 : 395679

29, 40, 36, 34, 48 : 85.75 : 445955

29, 58, 40, 34, 48 : 85.63 : 450435

60, 40, 62, 56, 34 : 85.53 : 390006

29, 58, 40, 34, 5 : 85.49 : 393133

29, 60, 40, 34, 5 : 85.48 : 434227

52, 40, 7, 62, 34 : 85.38 : 410789

29, 52, 40, 56, 3 : 85.37 : 424575

52, 40, 36, 7, 48 : 85.35 : 433314

29, 40, 7, 56, 34 : 85.24 : 425970

29, 58, 40, 56, 48 : 85.13 : 414519

29, 60, 40, 34, 48 : 85.13 : 493464

58, 52, 40, 56, 34 : 85.05 : 436921

29, 40, 36, 56, 34 : 84.99 : 393559

52, 60, 40, 66, 3 : 84.97 : 422256

29, 52, 40, 56, 5 : 84.96 : 425199

52, 60, 40, 66, 9 : 84.96 : 397656

40, 36, 66, 34, 48 : 84.93 : 427714

29, 60, 40, 56, 5 : 84.91 : 390054

52, 40, 66, 56, 34 : 84.91 : 459224

29, 60, 40, 56, 3 : 84.8 : 392318

29, 52, 40, 34, 9 : 84.79 : 432993

40, 7, 66, 56, 34 : 84.79 : 402508

29, 40, 36, 56, 48 : 84.74 : 410437

29, 60, 40, 56, 34 : 84.7 : 448254

29, 52, 40, 56, 48 : 84.69 : 489913

29, 52, 40, 66, 3 : 84.66 : 422912

29, 52, 66, 34, 48 : 84.6 : 405544

52, 60, 40, 7, 5 : 84.59 : 410999

52, 40, 7, 66, 34 : 84.59 : 451818

58, 40, 36, 34, 48 : 84.57 : 399192

52, 40, 62, 34, 48 : 84.55 : 458922

60, 40, 36, 34, 48 : 84.48 : 442155

52, 60, 40, 34, 48 : 84.47 : 521391

29, 40, 62, 34, 48 : 84.45 : 432045

52, 60, 40, 56, 48 : 84.36 : 487027

52, 40, 7, 66, 48 : 84.28 : 463130

29, 52, 40, 34, 5 : 84.27 : 469764

58, 60, 40, 34, 48 : 84.27 : 446591

29, 40, 66, 56, 48 : 84.22 : 439986

52, 60, 40, 7, 34 : 84.21 : 468706

52, 60, 40, 56, 34 : 84.19 : 477017

29, 60, 40, 48, 5 : 84.02 : 435712

58, 40, 66, 56, 48 : 83.98 : 395782

29, 40, 66, 34, 5 : 83.94 : 420121

29, 52, 40, 34, 48 : 83.91 : 525841

52, 60, 40, 56, 9 : 83.88 : 398391

60, 40, 66, 34, 5 : 83.87 : 419941

60, 40, 66, 56, 34 : 83.84 : 430652

29, 60, 40, 48, 25 : 83.83 : 399227

29, 58, 40, 48, 5 : 83.77 : 393634

58, 52, 40, 34, 48 : 83.74 : 478751

40, 66, 62, 34, 48 : 83.74 : 414223

52, 40, 7, 66, 5 : 83.67 : 397975

58, 52, 40, 56, 48 : 83.66 : 444942

52, 60, 40, 56, 3 : 83.64 : 419024

52, 40, 66, 56, 5 : 83.58 : 404496

29, 40, 36, 48, 5 : 83.52 : 389757

40, 36, 66, 56, 48 : 83.5 : 391866

58, 60, 40, 56, 48 : 83.46 : 411983

52, 40, 36, 7, 34 : 83.44 : 413433

58, 52, 40, 34, 5 : 83.41 : 422314

60, 40, 36, 56, 48 : 83.36 : 407947

52, 40, 36, 56, 48 : 83.34 : 440703

52, 40, 36, 56, 34 : 83.22 : 421928

52, 60, 66, 34, 48 : 83.11 : 404943

29, 60, 40, 48, 3 : 83.01 : 432308

60, 40, 66, 56, 48 : 82.95 : 439798

58, 60, 40, 56, 34 : 82.94 : 401183

29, 60, 40, 56, 48 : 82.92 : 457174

52, 60, 40, 34, 5 : 82.84 : 462745

52, 60, 40, 56, 5 : 82.78 : 418523

52, 40, 36, 34, 48 : 82.78 : 474093

58, 52, 40, 34, 3 : 82.71 : 408413

52, 40, 66, 34, 48 : 82.7 : 504617

29, 40, 56, 34, 9 : 82.63 : 388861

58, 60, 40, 48, 5 : 82.63 : 390381

52, 40, 62, 34, 5 : 82.6 : 407005

52, 40, 36, 34, 5 : 82.57 : 407987

60, 40, 66, 48, 5 : 82.53 : 423593

40, 7, 66, 34, 48 : 82.45 : 443959

52, 40, 7, 66, 3 : 82.4 : 396899

29, 52, 56, 34, 48 : 82.37 : 399505

29, 40, 66, 48, 5 : 82.32 : 423820

52, 40, 66, 34, 5 : 82.31 : 447699

52, 40, 66, 56, 3 : 82.3 : 402606

29, 52, 40, 66, 64 : 82.18 : 394934

29, 60, 40, 48, 9 : 82.1 : 406914

29, 52, 60, 40, 64 : 82.08 : 407946

52, 40, 62, 34, 3 : 82.08 : 393825

29, 52, 40, 48, 9 : 82.04 : 436335

29, 58, 40, 48, 3 : 81.99 : 391662

29, 52, 40, 48, 25 : 81.95 : 428789

29, 60, 40, 34, 3 : 81.86 : 421566

58, 52, 40, 48, 3 : 81.78 : 417637

29, 40, 7, 34, 5 : 81.77 : 410177

29, 60, 40, 34, 9 : 81.65 : 399954

29, 52, 7, 34, 48 : 81.64 : 391815

58, 52, 40, 48, 5 : 81.64 : 421987

52, 40, 66, 56, 48 : 81.64 : 468089

52, 60, 40, 48, 5 : 81.62 : 463308

29, 40, 56, 34, 5 : 81.59 : 417058

58, 52, 40, 48, 9 : 81.54 : 393041

29, 40, 7, 56, 48 : 81.53 : 431214

52, 40, 36, 34, 3 : 81.52 : 394039

29, 52, 40, 48, 5 : 81.5 : 467166

52, 40, 7, 56, 34 : 81.5 : 453846

60, 40, 7, 56, 34 : 81.44 : 418420

29, 52, 40, 34, 25 : 81.4 : 410365

29, 52, 40, 34, 3 : 81.36 : 453517

52, 60, 40, 48, 9 : 81.29 : 434047

52, 40, 7, 56, 3 : 81.17 : 398338

52, 60, 40, 34, 3 : 81.11 : 447582

52, 60, 40, 48, 3 : 81.1 : 457917

52, 40, 66, 34, 9 : 81.05 : 411051

40, 7, 66, 56, 48 : 80.96 : 410528

29, 40, 7, 34, 48 : 80.85 : 464082

52, 60, 40, 48, 25 : 80.8 : 427644

40, 66, 56, 34, 5 : 80.78 : 396329

58, 40, 7, 34, 48 : 80.76 : 417960

40, 7, 66, 34, 5 : 80.76 : 389918

40, 62, 56, 34, 48 : 80.71 : 411941

52, 40, 62, 48, 5 : 80.65 : 405870

29, 52, 40, 48, 3 : 80.63 : 462093

60, 40, 7, 34, 5 : 80.59 : 403102

40, 7, 62, 34, 48 : 80.47 : 400221

60, 40, 7, 56, 48 : 80.38 : 427293

52, 60, 40, 34, 9 : 80.33 : 426957

52, 60, 40, 66, 64 : 80.29 : 395387

52, 40, 36, 48, 5 : 80.16 : 417945

29, 52, 40, 5, 3 : 80.07 : 398914

29, 40, 56, 34, 3 : 80.07 : 407873

60, 40, 7, 34, 48 : 80.05 : 459158

52, 40, 36, 48, 3 : 80.04 : 413371

52, 60, 56, 34, 48 : 80.01 : 395101

52, 40, 62, 48, 3 : 79.89 : 400947

60, 40, 7, 48, 3 : 79.76 : 405641

60, 40, 34, 48, 5 : 79.72 : 453055

29, 40, 66, 48, 9 : 79.71 : 391970

52, 40, 7, 56, 5 : 79.71 : 396976

60, 40, 7, 48, 5 : 79.69 : 403925

52, 40, 56, 34, 9 : 79.64 : 415438

52, 60, 40, 5, 3 : 79.53 : 393657

40, 36, 7, 34, 48 : 79.52 : 413706

52, 40, 7, 56, 48 : 79.5 : 459261

52, 40, 66, 34, 3 : 79.49 : 432479

29, 52, 40, 48, 42 : 79.47 : 401842

40, 36, 34, 48, 5 : 79.44 : 408127

29, 40, 66, 48, 3 : 79.43 : 417744

29, 40, 7, 48, 5 : 79.42 : 408143

52, 40, 56, 34, 5 : 79.41 : 445020

60, 40, 66, 48, 9 : 79.36 : 391501

29, 40, 7, 48, 3 : 79.32 : 409619

60, 40, 66, 48, 3 : 79.32 : 416916

29, 40, 56, 34, 48 : 79.31 : 469455

60, 40, 66, 34, 3 : 79.3 : 406373

29, 40, 66, 34, 3 : 79.29 : 407225

29, 40, 34, 48, 5 : 79.27 : 456954

40, 66, 56, 34, 48 : 79.24 : 449085

52, 60, 40, 34, 25 : 79.22 : 406654

29, 52, 40, 34, 42 : 79.2 : 396013

52, 40, 7, 34, 48 : 79.08 : 490617

29, 40, 34, 48, 25 : 79.02 : 409672

58, 40, 56, 34, 48 : 78.95 : 424567

52, 40, 7, 34, 5 : 78.91 : 437636

52, 40, 7, 34, 9 : 78.87 : 401506

52, 40, 36, 48, 9 : 78.84 : 388977

52, 40, 56, 34, 3 : 78.78 : 433467

40, 62, 34, 48, 5 : 78.78 : 396378

52, 40, 66, 48, 5 : 78.76 : 450581

29, 40, 7, 34, 3 : 78.7 : 400848

29, 52, 40, 56, 64 : 78.54 : 394157

60, 40, 56, 34, 5 : 78.4 : 410391

58, 40, 34, 48, 5 : 78.36 : 412252

40, 36, 56, 34, 48 : 78.28 : 420221

52, 40, 7, 34, 3 : 78.04 : 426498

52, 40, 56, 34, 48 : 78.04 : 496548

60, 40, 7, 34, 3 : 77.93 : 395313

52, 60, 40, 48, 42 : 77.92 : 401056

40, 7, 66, 48, 3 : 77.9 : 391767

52, 40, 66, 48, 3 : 77.81 : 442647

40, 7, 56, 34, 5 : 77.74 : 389355

40, 66, 34, 48, 5 : 77.63 : 440011

60, 40, 34, 48, 25 : 77.61 : 407203

52, 40, 66, 34, 25 : 77.59 : 391731

52, 40, 66, 48, 25 : 77.52 : 410773

52, 60, 40, 34, 42 : 77.42 : 392444

52, 40, 66, 48, 9 : 77.4 : 417854

40, 7, 66, 48, 5 : 77.37 : 392711

29, 60, 40, 34, 64 : 77.29 : 395304

29, 40, 66, 48, 64 : 77.24 : 389922

29, 52, 40, 34, 64 : 77.22 : 428396

52, 40, 66, 34, 64 : 77.14 : 407825

52, 40, 7, 48, 9 : 77.13 : 403867

52, 40, 34, 48, 5 : 77.13 : 483785

52, 40, 7, 48, 3 : 77.12 : 434685

29, 40, 34, 5, 3 : 77.11 : 392009

60, 40, 56, 34, 48 : 77.08 : 465007

29, 40, 56, 48, 9 : 76.83 : 391367

60, 40, 56, 34, 3 : 76.76 : 402198

60, 40, 66, 48, 64 : 76.65 : 390106

29, 52, 40, 48, 64 : 76.64 : 431472

58, 52, 40, 48, 64 : 76.58 : 392106

29, 40, 56, 48, 3 : 76.57 : 413523

58, 40, 34, 48, 3 : 76.47 : 399238

60, 40, 56, 48, 9 : 76.47 : 389025

52, 40, 56, 34, 25 : 76.46 : 388655

40, 66, 34, 48, 25 : 76.45 : 392753

52, 40, 7, 48, 5 : 76.31 : 434424

52, 40, 66, 48, 42 : 76.14 : 390578

29, 40, 56, 48, 5 : 76.13 : 412538

29, 60, 40, 48, 64 : 76.1 : 401947

29, 40, 34, 48, 3 : 75.99 : 441889

52, 40, 34, 5, 3 : 75.98 : 417118

60, 40, 56, 48, 5 : 75.96 : 408746

52, 40, 7, 48, 25 : 75.95 : 397488

52, 40, 56, 48, 25 : 75.95 : 404883

40, 36, 34, 48, 3 : 75.89 : 394890

52, 60, 40, 48, 64 : 75.8 : 428834

52, 60, 40, 34, 64 : 75.77 : 421137

52, 40, 66, 48, 64 : 75.71 : 415309

40, 66, 56, 48, 5 : 75.71 : 396675

52, 40, 34, 48, 3 : 75.67 : 466236

60, 40, 34, 48, 3 : 75.5 : 437571

52, 40, 34, 48, 25 : 75.46 : 435541

29, 40, 34, 48, 9 : 75.39 : 420029

52, 60, 40, 56, 64 : 75.22 : 388721

40, 7, 56, 34, 48 : 75.22 : 438996

52, 40, 34, 9, 5 : 75.19 : 398330

52, 40, 56, 48, 9 : 75.15 : 418074

52, 60, 40, 48, 31 : 75.09 : 396804

60, 40, 56, 48, 3 : 75.07 : 409459

52, 40, 34, 48, 9 : 74.99 : 445185

29, 52, 40, 48, 31 : 74.98 : 396179

29, 52, 40, 66, 72 : 74.93 : 396657

52, 40, 56, 48, 3 : 74.91 : 438571

52, 40, 56, 48, 5 : 74.82 : 439746

60, 40, 34, 48, 9 : 74.77 : 417064

29, 52, 40, 34, 31 : 74.6 : 391968

40, 66, 34, 48, 3 : 74.48 : 424461

40, 7, 34, 48, 5 : 74.39 : 425021

40, 66, 56, 48, 3 : 74.25 : 394927

40, 66, 34, 48, 9 : 74.24 : 402914

29, 40, 48, 5, 3 : 74.18 : 390054

52, 60, 40, 66, 72 : 73.99 : 396485

52, 40, 36, 48, 64 : 73.9 : 388660

40, 56, 34, 48, 5 : 73.87 : 429950

40, 66, 34, 48, 64 : 73.82 : 400623

52, 60, 40, 34, 31 : 73.7 : 389728

29, 52, 60, 40, 72 : 73.43 : 396941

52, 40, 48, 9, 3 : 73.2 : 389775

40, 7, 34, 48, 3 : 73.18 : 415073

52, 40, 48, 9, 5 : 72.97 : 392495

52, 40, 34, 48, 42 : 72.74 : 412914

52, 40, 48, 5, 3 : 72.34 : 413980

52, 40, 7, 48, 64 : 72.33 : 401059

29, 40, 34, 48, 64 : 72.3 : 417172

52, 40, 66, 34, 72 : 72.11 : 407340

60, 40, 34, 48, 64 : 71.77 : 412884

52, 40, 34, 48, 64 : 71.73 : 441733

52, 40, 56, 34, 64 : 71.58 : 406524

40, 56, 34, 48, 3 : 71.49 : 419684

52, 40, 34, 5, 64 : 71.44 : 397902

40, 56, 34, 48, 9 : 71.44 : 400645

40, 7, 34, 48, 9 : 71.43 : 388724

52, 40, 7, 34, 64 : 71.09 : 397853

40, 34, 48, 5, 3 : 70.81 : 405464

60, 40, 66, 48, 72 : 69.96 : 389200

29, 40, 66, 48, 72 : 69.86 : 389480

52, 40, 56, 48, 64 : 69.44 : 409682

52, 40, 66, 48, 72 : 69.38 : 412810

29, 52, 40, 34, 72 : 69.33 : 407980

52, 60, 40, 34, 72 : 69.13 : 407548

52, 40, 48, 5, 64 : 68.23 : 395414

40, 66, 34, 48, 72 : 68.2 : 398344

52, 40, 34, 48, 31 : 67.97 : 400555

52, 60, 40, 48, 72 : 67.81 : 413314

29, 60, 40, 48, 72 : 67.7 : 389984

29, 52, 40, 48, 72 : 67.25 : 413594

40, 56, 34, 48, 64 : 65.21 : 393660

60, 40, 34, 48, 72 : 64.56 : 398772

52, 40, 34, 48, 72 : 64.52 : 421546

52, 40, 34, 48, 17 : 63.56 : 393631

29, 40, 34, 48, 72 : 63.45 : 399312

29, 58, 52, 60, 40, 62 : 49.79 : 440108

29, 52, 60, 40, 7, 62 : 49.56 : 455451

29, 58, 52, 40, 7, 62 : 49.22 : 414233

29, 52, 60, 40, 62, 56 : 48.88 : 468784

29, 58, 52, 60, 40, 7 : 48.52 : 475107

29, 58, 60, 40, 66, 62 : 48.5 : 393852

29, 52, 60, 40, 66, 62 : 48.46 : 470154

29, 58, 52, 60, 40, 36 : 48.45 : 443841

29, 58, 52, 40, 66, 62 : 48.33 : 422925

58, 52, 60, 40, 7, 62 : 48.07 : 408002

29, 58, 60, 40, 7, 66 : 48.02 : 426841

29, 58, 52, 40, 36, 7 : 47.96 : 417939

29, 58, 52, 40, 7, 66 : 47.92 : 456538

29, 52, 60, 40, 36, 62 : 47.81 : 425442

29, 52, 40, 7, 62, 56 : 47.77 : 445458

29, 58, 52, 60, 40, 66 : 47.74 : 489885

29, 52, 60, 40, 62, 48 : 47.73 : 509108

29, 52, 40, 66, 62, 56 : 47.67 : 449802

29, 58, 52, 40, 36, 66 : 47.64 : 426281

29, 58, 60, 40, 36, 66 : 47.55 : 396572

29, 58, 52, 40, 62, 56 : 47.37 : 427804

29, 60, 40, 7, 66, 62 : 47.31 : 409316

29, 60, 40, 7, 62, 56 : 47.23 : 410077

29, 52, 40, 36, 7, 62 : 47.2 : 400157

29, 52, 40, 7, 66, 62 : 47.14 : 437346

58, 52, 60, 40, 66, 62 : 47.11 : 423227

29, 60, 40, 66, 62, 56 : 46.99 : 421262

29, 52, 60, 40, 36, 7 : 46.83 : 459523

29, 52, 40, 36, 62, 56 : 46.79 : 413182

58, 52, 40, 7, 66, 62 : 46.7 : 391479

29, 58, 40, 36, 66, 48 : 46.69 : 432940

=============  TOP-K UFPs v1.20 - STATS =============
 Transactions count from database : 3196
 Candidates count : 259015
 Maximum memory usage : 499.5675964355469 mb
 Total time ~ 117561 ms
===================================================
