minUtil: 474464.98
29, 52, 60, 40, 48 : 91.58 : 515523

29, 52, 60, 40, 34 : 90.75 : 503081

29, 52, 40, 66, 34 : 89.57 : 485172

29, 52, 40, 66, 48 : 88.94 : 497443

52, 60, 40, 66, 34 : 88.55 : 484833

29, 52, 40, 7, 48 : 88.02 : 484780

52, 60, 40, 66, 48 : 87.99 : 497731

29, 52, 40, 56, 34 : 87.75 : 484644

52, 60, 40, 7, 48 : 87.72 : 480769

29, 52, 40, 7, 34 : 86.5 : 476704

29, 40, 66, 34, 48 : 86.03 : 477386

60, 40, 66, 34, 48 : 85.89 : 476900

29, 60, 40, 34, 48 : 85.13 : 493464

29, 52, 40, 56, 48 : 84.69 : 489913

52, 60, 40, 34, 48 : 84.47 : 521391

52, 60, 40, 56, 48 : 84.36 : 487027

52, 60, 40, 56, 34 : 84.19 : 477017

29, 52, 40, 34, 48 : 83.91 : 525841

58, 52, 40, 34, 48 : 83.74 : 478751

52, 40, 66, 34, 48 : 82.7 : 504617

52, 40, 7, 34, 48 : 79.08 : 490617

52, 40, 56, 34, 48 : 78.04 : 496548

52, 40, 34, 48, 5 : 77.13 : 483785

29, 58, 52, 60, 40, 7 : 48.52 : 475107

29, 58, 52, 60, 40, 66 : 47.74 : 489885

29, 52, 60, 40, 62, 48 : 47.73 : 509108

29, 58, 60, 40, 66, 48 : 46.62 : 484047

29, 52, 60, 40, 62, 34 : 46.28 : 499120

29, 58, 52, 60, 40, 48 : 45.97 : 531616

29, 58, 52, 40, 36, 48 : 45.88 : 482112

29, 52, 60, 40, 7, 66 : 45.83 : 503687

29, 52, 60, 40, 7, 56 : 45.73 : 499118

29, 58, 52, 40, 66, 34 : 45.65 : 500792

29, 58, 52, 40, 66, 48 : 45.63 : 512931

29, 52, 60, 40, 66, 56 : 45.56 : 509349

29, 52, 40, 7, 62, 48 : 45.52 : 478406

29, 58, 52, 60, 40, 56 : 45.43 : 482676

58, 52, 60, 40, 36, 48 : 45.29 : 479692

29, 60, 40, 36, 66, 48 : 45.26 : 479364

29, 52, 40, 66, 62, 48 : 45.14 : 490966

29, 52, 60, 40, 36, 48 : 45.13 : 526589

58, 52, 60, 40, 66, 34 : 45.08 : 500477

29, 52, 40, 7, 66, 56 : 45.01 : 478522

29, 58, 52, 40, 7, 48 : 45.0 : 500324

29, 58, 52, 60, 40, 34 : 44.88 : 519295

58, 52, 60, 40, 7, 48 : 44.63 : 496227

29, 52, 40, 62, 56, 34 : 44.57 : 486142

29, 52, 40, 62, 56, 48 : 44.55 : 489732

58, 52, 60, 40, 66, 48 : 44.37 : 513263

29, 52, 40, 66, 62, 34 : 44.37 : 481217

29, 52, 60, 40, 66, 48 : 44.34 : 559715

29, 52, 60, 40, 66, 34 : 44.23 : 547896

29, 52, 40, 36, 66, 48 : 44.19 : 508019

29, 52, 60, 40, 7, 48 : 44.16 : 543005

29, 52, 60, 40, 36, 34 : 44.14 : 502131

29, 52, 40, 36, 7, 48 : 44.11 : 495479

52, 60, 40, 66, 62, 48 : 44.11 : 491355

52, 60, 40, 66, 62, 34 : 44.11 : 480978

52, 60, 40, 62, 56, 48 : 43.91 : 486957

29, 60, 40, 7, 66, 48 : 43.89 : 495638

29, 58, 40, 66, 34, 48 : 43.8 : 492287

29, 52, 60, 40, 66, 5 : 43.8 : 490428

29, 58, 52, 40, 7, 34 : 43.66 : 492478

29, 52, 40, 36, 66, 34 : 43.38 : 483668

29, 52, 40, 7, 66, 48 : 43.22 : 523503

29, 52, 40, 62, 34, 48 : 43.19 : 519006

58, 60, 40, 66, 34, 48 : 43.18 : 491825

52, 60, 40, 7, 66, 56 : 43.15 : 477633

29, 52, 60, 40, 56, 34 : 43.14 : 539292

58, 52, 40, 7, 66, 48 : 43.12 : 477981

52, 60, 40, 62, 34, 48 : 43.08 : 514506

52, 60, 40, 62, 56, 34 : 43.04 : 478506

29, 60, 40, 62, 34, 48 : 43.03 : 488065

29, 40, 36, 66, 34, 48 : 43.0 : 487303

29, 60, 40, 66, 34, 48 : 42.97 : 537118

52, 60, 40, 36, 66, 48 : 42.96 : 508411

29, 52, 40, 66, 56, 34 : 42.91 : 519115

52, 60, 40, 36, 66, 34 : 42.89 : 483362

29, 60, 40, 7, 66, 34 : 42.84 : 484794

29, 58, 52, 40, 56, 34 : 42.8 : 500172

29, 52, 60, 40, 56, 3 : 42.62 : 478060

29, 52, 60, 40, 66, 3 : 42.61 : 481744

58, 52, 60, 40, 7, 34 : 42.52 : 484296

29, 52, 60, 40, 7, 34 : 42.5 : 532376

52, 60, 40, 36, 7, 48 : 42.44 : 491426

29, 52, 60, 40, 34, 48 : 42.43 : 583395

29, 52, 40, 7, 66, 34 : 42.42 : 513100

29, 52, 60, 40, 56, 48 : 42.39 : 546953

29, 60, 40, 36, 34, 48 : 42.37 : 503780

29, 60, 40, 66, 48, 5 : 42.24 : 482304

29, 52, 40, 36, 56, 34 : 42.23 : 483034

29, 52, 40, 36, 56, 48 : 42.2 : 500249

58, 52, 60, 40, 56, 48 : 42.17 : 502242

29, 52, 60, 40, 56, 5 : 42.14 : 478566

29, 60, 40, 66, 34, 5 : 42.13 : 480213

52, 60, 40, 36, 56, 48 : 42.12 : 497369

52, 60, 40, 7, 66, 48 : 42.08 : 522770

29, 60, 40, 66, 56, 34 : 42.04 : 490685

29, 58, 60, 40, 34, 48 : 41.99 : 508885

29, 58, 52, 40, 56, 48 : 41.98 : 505168

60, 40, 36, 66, 34, 48 : 41.98 : 486894

29, 52, 40, 36, 34, 48 : 41.96 : 535976

29, 60, 40, 7, 56, 34 : 41.91 : 479324

29, 52, 40, 36, 7, 34 : 41.87 : 475911

58, 52, 60, 40, 34, 48 : 41.85 : 536765

29, 58, 52, 40, 34, 5 : 41.85 : 485308

58, 52, 60, 40, 56, 34 : 41.84 : 492377

29, 58, 52, 40, 34, 48 : 41.82 : 541303

58, 52, 40, 66, 34, 48 : 41.76 : 519471

29, 52, 40, 7, 56, 34 : 41.75 : 515552

52, 60, 40, 66, 56, 34 : 41.7 : 518476

29, 52, 60, 40, 34, 5 : 41.67 : 524763

29, 60, 40, 66, 56, 48 : 41.61 : 498506

29, 52, 60, 40, 48, 9 : 41.58 : 491797

52, 60, 40, 36, 34, 48 : 41.5 : 531482

29, 52, 60, 40, 34, 9 : 41.5 : 486350

52, 60, 40, 36, 56, 34 : 41.49 : 475193

52, 60, 40, 7, 66, 34 : 41.46 : 511982

29, 52, 40, 66, 34, 48 : 41.39 : 564585

52, 60, 40, 66, 34, 5 : 41.38 : 507675

29, 52, 40, 66, 56, 48 : 41.36 : 526581

52, 60, 40, 66, 34, 48 : 41.32 : 564233

29, 40, 7, 66, 34, 48 : 41.27 : 502418

29, 52, 60, 40, 48, 25 : 41.17 : 485589

58, 52, 40, 36, 34, 48 : 41.12 : 489456

29, 52, 40, 66, 34, 5 : 41.08 : 507721

52, 40, 66, 62, 34, 48 : 41.07 : 497878

29, 52, 60, 40, 48, 3 : 41.07 : 516429

52, 60, 40, 66, 56, 48 : 41.0 : 526645

29, 58, 52, 40, 48, 5 : 40.98 : 482169

29, 58, 52, 40, 48, 3 : 40.97 : 476609

29, 52, 60, 40, 48, 5 : 40.94 : 523286

58, 52, 40, 66, 56, 48 : 40.81 : 482671

29, 60, 40, 7, 56, 48 : 40.8 : 486527

52, 60, 40, 7, 56, 48 : 40.73 : 514278

58, 52, 60, 40, 34, 5 : 40.7 : 478121

58, 52, 60, 40, 48, 5 : 40.67 : 478226

60, 40, 7, 66, 34, 48 : 40.65 : 501131

29, 52, 60, 40, 34, 3 : 40.64 : 506738

52, 60, 40, 7, 56, 34 : 40.62 : 506538

29, 58, 40, 7, 34, 48 : 40.61 : 478983

29, 52, 40, 7, 56, 48 : 40.6 : 518793

52, 40, 62, 56, 34, 48 : 40.6 : 495836

52, 40, 36, 66, 56, 48 : 40.57 : 477918

52, 40, 36, 66, 34, 48 : 40.56 : 514309

29, 52, 40, 36, 48, 5 : 40.43 : 477447

52, 40, 7, 66, 56, 34 : 40.42 : 487334

52, 40, 7, 62, 34, 48 : 40.37 : 483809

29, 52, 40, 56, 34, 5 : 40.26 : 504846

29, 60, 40, 34, 48, 5 : 40.08 : 511880

29, 52, 40, 66, 48, 5 : 39.89 : 509022

29, 60, 40, 7, 34, 48 : 39.8 : 519657

29, 40, 66, 56, 34, 48 : 39.69 : 506023

29, 52, 40, 56, 34, 3 : 39.64 : 490891

52, 60, 40, 66, 34, 3 : 39.63 : 488835

52, 40, 66, 56, 34, 5 : 39.55 : 479769

60, 40, 66, 34, 48, 5 : 39.54 : 496995

29, 52, 40, 56, 34, 48 : 39.48 : 555888

52, 60, 40, 7, 48, 3 : 39.47 : 487395

52, 60, 40, 56, 34, 5 : 39.46 : 496763

29, 58, 40, 56, 34, 48 : 39.45 : 484089

29, 52, 40, 7, 34, 5 : 39.37 : 498898

29, 52, 40, 66, 48, 3 : 39.36 : 499263

29, 52, 40, 66, 34, 3 : 39.36 : 489687

29, 52, 40, 7, 34, 48 : 39.35 : 551382

29, 52, 40, 7, 48, 3 : 39.34 : 492077

58, 52, 40, 7, 34, 48 : 39.28 : 505455

52, 60, 40, 66, 48, 5 : 39.25 : 508921

52, 60, 40, 66, 48, 3 : 39.23 : 498427

52, 60, 40, 7, 34, 48 : 39.23 : 545716

52, 40, 7, 66, 34, 48 : 39.17 : 527821

29, 40, 36, 56, 34, 48 : 39.15 : 479074

52, 60, 40, 56, 34, 48 : 39.08 : 550726

52, 60, 40, 56, 34, 3 : 39.07 : 484096

29, 40, 66, 34, 48, 5 : 38.98 : 497188

58, 52, 40, 56, 34, 48 : 38.92 : 511156

52, 40, 7, 66, 56, 48 : 38.81 : 494251

29, 52, 40, 7, 34, 3 : 38.71 : 484758

60, 40, 36, 56, 34, 48 : 38.62 : 474582

52, 40, 66, 56, 34, 48 : 38.61 : 532076

52, 60, 40, 34, 48, 5 : 38.58 : 538275

29, 52, 40, 34, 48, 5 : 38.54 : 542868

60, 40, 66, 56, 34, 48 : 38.51 : 505257

52, 60, 40, 7, 34, 5 : 38.48 : 490379

52, 60, 40, 7, 34, 3 : 38.47 : 478131

52, 60, 40, 7, 48, 5 : 38.46 : 488113

52, 40, 62, 34, 48, 5 : 38.4 : 479060

58, 52, 40, 34, 48, 3 : 38.4 : 480087

29, 52, 60, 40, 48, 64 : 38.36 : 481208

58, 52, 40, 34, 48, 5 : 38.26 : 498409

52, 40, 36, 56, 34, 48 : 38.24 : 505973

29, 52, 40, 7, 48, 5 : 38.22 : 493069

52, 40, 36, 34, 48, 5 : 38.17 : 493437

52, 60, 40, 56, 48, 3 : 38.16 : 490059

29, 60, 40, 56, 34, 48 : 38.14 : 523981

29, 52, 60, 40, 34, 64 : 38.05 : 475992

29, 52, 40, 34, 48, 25 : 38.03 : 492260

52, 40, 36, 7, 34, 48 : 38.0 : 500354

58, 60, 40, 56, 34, 48 : 37.97 : 479553

52, 60, 40, 56, 48, 5 : 37.95 : 491951

29, 52, 40, 34, 48, 9 : 37.94 : 501536

29, 52, 40, 56, 48, 3 : 37.83 : 494847

29, 60, 40, 34, 48, 3 : 37.81 : 493655

52, 60, 40, 34, 48, 25 : 37.77 : 489373

52, 60, 40, 34, 48, 3 : 37.75 : 517618

52, 40, 36, 34, 48, 3 : 37.71 : 474867

29, 52, 40, 56, 48, 5 : 37.64 : 496445

29, 40, 7, 56, 34, 48 : 37.63 : 496995

29, 52, 40, 34, 48, 3 : 37.5 : 522632

52, 40, 66, 34, 48, 5 : 37.19 : 522895

60, 40, 7, 34, 48, 5 : 37.13 : 477584

29, 40, 66, 34, 48, 3 : 37.1 : 478945

52, 40, 66, 34, 48, 3 : 37.07 : 502398

52, 60, 40, 34, 48, 9 : 37.06 : 498053

29, 40, 7, 34, 48, 5 : 37.0 : 482684

29, 40, 56, 34, 48, 5 : 36.98 : 486047

60, 40, 7, 56, 34, 48 : 36.95 : 491459

60, 40, 66, 34, 48, 3 : 36.95 : 477913

52, 40, 7, 66, 48, 5 : 36.92 : 474551

52, 40, 66, 56, 48, 5 : 36.89 : 477536

52, 40, 7, 56, 34, 48 : 36.61 : 522509

52, 40, 66, 34, 48, 9 : 36.37 : 481239

60, 40, 56, 34, 48, 5 : 36.34 : 481488

52, 40, 7, 34, 48, 3 : 35.98 : 493462

52, 40, 66, 34, 48, 64 : 35.95 : 474974

52, 40, 7, 34, 48, 5 : 35.93 : 507676

52, 40, 56, 34, 48, 5 : 35.91 : 511717

29, 52, 40, 34, 48, 64 : 35.72 : 494337

52, 60, 40, 34, 48, 64 : 35.71 : 489335

52, 40, 56, 34, 48, 3 : 35.45 : 497164

52, 40, 56, 34, 48, 9 : 35.18 : 478960

52, 40, 34, 48, 5, 3 : 34.23 : 481912

29, 52, 60, 40, 7, 62, 56 : 24.48 : 499277

29, 58, 52, 60, 40, 66, 62 : 24.41 : 485885

29, 58, 52, 60, 40, 62, 48 : 23.9 : 524611

29, 58, 52, 60, 40, 62, 56 : 23.85 : 484411

29, 52, 60, 40, 66, 62, 56 : 23.84 : 509826

29, 52, 60, 40, 7, 66, 62 : 23.79 : 497626

29, 58, 52, 60, 40, 36, 7 : 23.78 : 475324

29, 58, 52, 60, 40, 36, 66 : 23.67 : 489577

29, 52, 40, 7, 66, 62, 56 : 23.54 : 478720

29, 58, 52, 40, 36, 62, 48 : 23.49 : 476977

29, 58, 52, 60, 40, 7, 66 : 23.38 : 519302

29, 52, 60, 40, 7, 62, 48 : 23.38 : 533881

29, 58, 60, 40, 66, 62, 48 : 23.33 : 478736

29, 52, 60, 40, 36, 62, 48 : 23.28 : 519304

29, 58, 60, 40, 36, 66, 48 : 23.21 : 494792

29, 58, 52, 40, 66, 62, 48 : 23.18 : 505902

29, 58, 52, 40, 7, 62, 48 : 23.15 : 493366

29, 52, 60, 40, 62, 56, 48 : 23.05 : 544942

29, 52, 60, 40, 66, 62, 48 : 23.05 : 550742

29, 58, 52, 60, 40, 36, 48 : 23.01 : 542547

29, 58, 52, 60, 40, 62, 34 : 22.97 : 514780

58, 52, 60, 40, 7, 62, 48 : 22.91 : 489201

29, 58, 52, 40, 36, 66, 48 : 22.89 : 523372

29, 52, 60, 40, 62, 56, 3 : 22.86 : 480622

29, 58, 52, 60, 40, 7, 3 : 22.81 : 487473

58, 52, 60, 40, 36, 62, 48 : 22.76 : 474524

58, 52, 60, 40, 66, 62, 48 : 22.7 : 506331

29, 52, 40, 36, 7, 62, 48 : 22.68 : 488235

29, 58, 52, 40, 7, 66, 56 : 22.65 : 493288

29, 58, 52, 60, 40, 7, 48 : 22.64 : 558425

29, 58, 52, 60, 40, 7, 56 : 22.63 : 514553

29, 58, 52, 60, 40, 36, 56 : 22.6 : 482042

29, 58, 52, 60, 40, 66, 48 : 22.57 : 575191

29, 52, 60, 40, 66, 62, 34 : 22.56 : 541641

29, 52, 60, 40, 62, 56, 34 : 22.51 : 538961

52, 60, 40, 7, 66, 62, 56 : 22.45 : 478049

29, 52, 60, 40, 66, 62, 5 : 22.38 : 487672

29, 58, 60, 40, 7, 66, 48 : 22.32 : 510538

29, 58, 52, 60, 40, 66, 34 : 22.32 : 563504

29, 58, 52, 40, 66, 62, 34 : 22.3 : 496321

29, 52, 40, 36, 66, 62, 48 : 22.29 : 500695

29, 58, 52, 40, 62, 56, 48 : 22.28 : 504602

58, 52, 60, 40, 66, 62, 34 : 22.27 : 496102

29, 58, 52, 40, 36, 7, 48 : 22.25 : 510888

29, 58, 52, 60, 40, 66, 56 : 22.24 : 524665

29, 52, 40, 36, 62, 56, 48 : 22.2 : 499413

29, 60, 40, 7, 66, 62, 48 : 22.18 : 488295

29, 52, 60, 40, 66, 62, 3 : 22.17 : 477252

29, 52, 60, 40, 62, 56, 5 : 22.17 : 480694

29, 58, 52, 60, 40, 36, 34 : 22.16 : 517850

29, 52, 60, 40, 7, 66, 56 : 22.14 : 537866

29, 52, 60, 40, 62, 34, 48 : 22.09 : 574006

29, 58, 60, 40, 36, 7, 48 : 22.07 : 478394

29, 52, 60, 40, 62, 48, 9 : 22.06 : 484380

29, 58, 52, 40, 7, 66, 48 : 22.06 : 538328

29, 58, 52, 40, 36, 66, 34 : 22.05 : 498793

29, 52, 60, 40, 36, 62, 34 : 22.05 : 496930

29, 60, 40, 66, 62, 56, 48 : 22.05 : 497965

29, 52, 60, 40, 7, 62, 34 : 22.04 : 525945

29, 52, 40, 7, 66, 62, 48 : 22.01 : 514418

29, 52, 40, 7, 62, 56, 48 : 22.0 : 516656

58, 52, 60, 40, 36, 66, 34 : 22.0 : 498511

58, 52, 60, 40, 36, 66, 48 : 21.97 : 523808

29, 52, 60, 40, 36, 66, 56 : 21.95 : 506417

58, 52, 60, 40, 62, 56, 48 : 21.94 : 501783

29, 52, 60, 40, 36, 7, 66 : 21.94 : 501607

29, 58, 60, 40, 7, 66, 34 : 21.9 : 499851

29, 52, 60, 40, 36, 66, 48 : 21.9 : 569663

29, 58, 52, 40, 7, 66, 34 : 21.89 : 528086

29, 52, 60, 40, 7, 56, 9 : 21.88 : 484521

29, 52, 60, 40, 36, 7, 56 : 21.86 : 496800

29, 58, 60, 40, 66, 34, 48 : 21.84 : 552007

29, 52, 60, 40, 36, 7, 48 : 21.84 : 552955

29, 52, 40, 66, 62, 56, 34 : 21.8 : 519022

29, 58, 52, 40, 62, 56, 34 : 21.74 : 501311

29, 58, 40, 7, 66, 56, 34 : 21.74 : 475273

58, 52, 60, 40, 7, 62, 34 : 21.73 : 479810

29, 60, 40, 36, 7, 66, 48 : 21.72 : 505403

29, 58, 52, 60, 40, 66, 3 : 21.71 : 496449

29, 52, 40, 36, 62, 34, 48 : 21.66 : 528305

29, 52, 60, 40, 62, 34, 9 : 21.65 : 481416

29, 60, 40, 7, 66, 62, 34 : 21.64 : 480040

52, 60, 40, 7, 62, 56, 48 : 21.64 : 512217

29, 60, 40, 66, 62, 56, 34 : 21.63 : 491760

29, 52, 40, 66, 62, 56, 48 : 21.63 : 524752

58, 52, 60, 40, 7, 66, 56 : 21.63 : 492413

29, 58, 52, 40, 7, 62, 34 : 21.63 : 488160

29, 60, 40, 66, 62, 34, 48 : 21.58 : 529549

29, 58, 52, 60, 40, 7, 5 : 21.55 : 487660

52, 60, 40, 7, 66, 62, 48 : 21.55 : 513763

29, 58, 52, 40, 66, 56, 34 : 21.55 : 533845

29, 52, 40, 7, 62, 56, 34 : 21.54 : 515223

29, 60, 40, 7, 62, 56, 48 : 21.54 : 485544

52, 60, 40, 36, 62, 56, 48 : 21.53 : 496644

58, 52, 60, 40, 62, 34, 48 : 21.52 : 529317

29, 58, 52, 60, 66, 34, 48 : 21.51 : 480464

29, 58, 52, 40, 66, 34, 9 : 21.5 : 482274

29, 58, 52, 60, 40, 66, 5 : 21.49 : 505689

58, 60, 40, 66, 62, 34, 48 : 21.49 : 486107

29, 60, 40, 7, 62, 56, 34 : 21.48 : 479922

29, 60, 40, 36, 66, 34, 48 : 21.45 : 546407

29, 52, 60, 40, 7, 66, 9 : 21.45 : 480761

29, 52, 60, 40, 66, 56, 5 : 21.45 : 520436

29, 52, 40, 36, 7, 66, 56 : 21.43 : 475560

29, 58, 40, 36, 66, 34, 48 : 21.42 : 502069

29, 58, 52, 60, 40, 7, 34 : 21.4 : 547946

29, 52, 60, 40, 62, 48, 3 : 21.39 : 509878

29, 58, 52, 40, 62, 34, 48 : 21.38 : 533909

58, 52, 60, 40, 36, 7, 48 : 21.35 : 506749

58, 52, 40, 36, 7, 66, 48 : 21.35 : 488005

52, 60, 40, 36, 7, 62, 48 : 21.34 : 484118

58, 52, 60, 40, 7, 66, 48 : 21.34 : 537609

29, 52, 60, 40, 62, 34, 3 : 21.33 : 502814

29, 52, 60, 40, 66, 56, 9 : 21.31 : 493971

29, 52, 60, 40, 36, 66, 5 : 21.31 : 488071

29, 52, 40, 36, 62, 56, 34 : 21.3 : 483495

29, 52, 60, 40, 36, 66, 34 : 21.29 : 544244

29, 60, 40, 36, 66, 48, 5 : 21.27 : 491825

29, 58, 60, 40, 62, 34, 48 : 21.27 : 502903

29, 60, 40, 36, 62, 34, 48 : 21.26 : 497545

29, 52, 40, 36, 7, 66, 48 : 21.26 : 532964

58, 52, 40, 36, 62, 34, 48 : 21.25 : 483716

29, 52, 60, 40, 36, 56, 48 : 21.25 : 556540

58, 52, 40, 66, 62, 56, 34 : 21.22 : 475288

29, 52, 60, 40, 7, 66, 3 : 21.2 : 511931

29, 52, 60, 40, 36, 56, 3 : 21.2 : 475003

52, 60, 40, 66, 62, 56, 48 : 21.2 : 525057

29, 58, 52, 60, 40, 48, 3 : 21.2 : 530840

58, 52, 60, 40, 62, 56, 34 : 21.19 : 493503

52, 60, 40, 7, 66, 62, 34 : 21.19 : 505751

58, 52, 40, 66, 62, 56, 48 : 21.16 : 482308

29, 58, 52, 60, 40, 56, 3 : 21.16 : 492592

29, 52, 40, 7, 66, 62, 34 : 21.16 : 506776

52, 60, 40, 36, 66, 62, 48 : 21.16 : 501188

29, 58, 52, 40, 66, 34, 48 : 21.15 : 579403

29, 60, 40, 66, 62, 48, 5 : 21.15 : 478292

29, 52, 60, 40, 7, 66, 48 : 21.13 : 583095

29, 52, 60, 40, 66, 56, 34 : 21.12 : 578291

29, 52, 60, 40, 7, 56, 3 : 21.12 : 507691

58, 52, 60, 40, 7, 66, 34 : 21.12 : 526976

29, 52, 60, 40, 62, 48, 5 : 21.12 : 517728

52, 60, 40, 7, 62, 56, 34 : 21.1 : 506193

58, 60, 40, 36, 66, 34, 48 : 21.09 : 501684

52, 60, 40, 36, 62, 34, 48 : 21.08 : 523761

29, 58, 52, 60, 40, 56, 34 : 21.07 : 554616

58, 52, 60, 40, 66, 56, 34 : 21.06 : 533230

52, 60, 40, 66, 62, 56, 34 : 21.06 : 518631

58, 52, 60, 40, 36, 48, 3 : 21.05 : 481711

52, 60, 40, 36, 66, 62, 34 : 21.05 : 478290

29, 58, 40, 7, 66, 56, 48 : 21.02 : 481895

29, 52, 60, 40, 36, 56, 34 : 21.0 : 535287

29, 58, 60, 40, 66, 48, 5 : 20.98 : 496850

29, 52, 60, 40, 62, 34, 5 : 20.96 : 520461

29, 58, 52, 40, 36, 7, 34 : 20.96 : 491190

29, 52, 40, 66, 62, 34, 48 : 20.96 : 555446

29, 58, 52, 40, 66, 56, 48 : 20.95 : 541107

29, 52, 60, 40, 62, 48, 25 : 20.95 : 479692

29, 58, 40, 7, 66, 34, 48 : 20.95 : 516685

29, 52, 40, 36, 66, 62, 34 : 20.93 : 478496

52, 60, 40, 66, 62, 34, 48 : 20.93 : 555194

29, 52, 60, 40, 7, 56, 34 : 20.91 : 567272

29, 58, 60, 40, 66, 56, 48 : 20.9 : 513082

52, 60, 40, 36, 7, 66, 56 : 20.9 : 474697

29, 52, 40, 62, 56, 34, 3 : 20.89 : 493165

29, 52, 60, 40, 36, 34, 48 : 20.89 : 592781

29, 58, 52, 60, 40, 48, 25 : 20.89 : 500250

29, 60, 40, 66, 62, 34, 5 : 20.88 : 477387

29, 58, 52, 60, 40, 56, 48 : 20.87 : 562084

52, 60, 40, 36, 62, 56, 34 : 20.87 : 475645

29, 58, 52, 60, 40, 34, 48 : 20.86 : 598733

60, 40, 36, 66, 62, 34, 48 : 20.84 : 480912

29, 52, 60, 40, 66, 56, 48 : 20.84 : 584997

58, 52, 60, 40, 66, 34, 48 : 20.84 : 579075

29, 58, 60, 40, 66, 56, 34 : 20.83 : 505465

29, 40, 36, 66, 62, 34, 48 : 20.83 : 481221

29, 52, 60, 40, 66, 56, 3 : 20.83 : 515270

29, 60, 40, 36, 66, 34, 5 : 20.82 : 477500

29, 58, 60, 40, 7, 56, 34 : 20.81 : 494157

29, 52, 40, 36, 66, 34, 48 : 20.81 : 573572

29, 52, 40, 7, 66, 56, 3 : 20.8 : 487653

29, 52, 60, 36, 66, 34, 48 : 20.79 : 475533

29, 52, 60, 40, 36, 48, 3 : 20.79 : 525265

29, 58, 60, 40, 36, 34, 48 : 20.77 : 519066

29, 58, 52, 40, 36, 56, 48 : 20.77 : 515369

29, 58, 40, 66, 62, 34, 48 : 20.77 : 486473

58, 52, 60, 40, 7, 56, 48 : 20.76 : 528875

29, 52, 60, 40, 36, 34, 5 : 20.76 : 521440

29, 52, 40, 7, 66, 56, 5 : 20.76 : 489911

58, 52, 40, 66, 62, 34, 48 : 20.75 : 512207

29, 58, 52, 40, 66, 56, 5 : 20.75 : 477020

29, 58, 52, 40, 36, 34, 48 : 20.74 : 551303

58, 52, 60, 40, 36, 34, 48 : 20.74 : 546721

29, 52, 60, 40, 7, 66, 5 : 20.74 : 516495

58, 52, 60, 40, 36, 56, 48 : 20.74 : 512449

29, 58, 52, 40, 7, 56, 34 : 20.72 : 530527

29, 60, 40, 36, 66, 56, 48 : 20.72 : 507874

29, 52, 60, 40, 66, 34, 48 : 20.72 : 624125

29, 52, 60, 40, 36, 56, 5 : 20.71 : 475738

29, 58, 60, 40, 7, 48, 3 : 20.7 : 476748

29, 60, 40, 7, 66, 56, 34 : 20.7 : 518100

29, 58, 60, 40, 66, 48, 3 : 20.68 : 487686

29, 58, 52, 40, 36, 56, 34 : 20.68 : 498067

58, 52, 60, 40, 36, 7, 34 : 20.68 : 482777

29, 52, 60, 40, 7, 66, 34 : 20.66 : 573228

29, 58, 52, 60, 40, 48, 9 : 20.66 : 506238

29, 58, 52, 40, 62, 48, 5 : 20.65 : 478419

29, 58, 52, 60, 40, 34, 9 : 20.65 : 501050

29, 52, 60, 40, 7, 56, 5 : 20.64 : 506875

52, 60, 40, 62, 56, 34, 48 : 20.63 : 548292

29, 40, 36, 7, 66, 34, 48 : 20.62 : 511250

29, 58, 52, 40, 56, 34, 9 : 20.62 : 487509

29, 58, 52, 40, 66, 34, 5 : 20.62 : 522579

58, 52, 40, 7, 62, 34, 48 : 20.6 : 498090

29, 52, 40, 62, 56, 34, 48 : 20.59 : 553356

29, 52, 40, 7, 62, 34, 48 : 20.59 : 542077

29, 58, 52, 40, 7, 48, 9 : 20.59 : 474595

29, 58, 52, 40, 36, 48, 3 : 20.59 : 486046

58, 52, 60, 40, 66, 34, 3 : 20.58 : 502960

29, 52, 40, 36, 66, 56, 34 : 20.57 : 514556

58, 52, 40, 7, 66, 56, 34 : 20.56 : 501541

29, 58, 52, 40, 36, 34, 5 : 20.55 : 483885

29, 52, 40, 7, 66, 56, 34 : 20.55 : 545680

52, 60, 40, 36, 7, 66, 48 : 20.54 : 532301

58, 52, 60, 40, 66, 34, 9 : 20.54 : 481749

58, 60, 40, 7, 66, 34, 48 : 20.54 : 515406

58, 52, 40, 36, 66, 34, 48 : 20.54 : 529028

52, 40, 36, 66, 62, 56, 48 : 20.53 : 477274

29, 40, 36, 7, 66, 56, 48 : 20.53 : 476839

29, 58, 52, 60, 40, 34, 3 : 20.53 : 521323

58, 52, 60, 40, 7, 48, 3 : 20.52 : 501356

29, 52, 60, 40, 36, 66, 3 : 20.51 : 478941

52, 60, 40, 7, 62, 48, 3 : 20.51 : 480833

58, 52, 60, 40, 36, 34, 5 : 20.51 : 476484

29, 58, 52, 40, 36, 48, 5 : 20.48 : 492315

29, 52, 60, 40, 7, 56, 48 : 20.47 : 573174

52, 60, 40, 7, 62, 34, 48 : 20.47 : 536354

52, 40, 7, 66, 62, 56, 48 : 20.47 : 492361

29, 58, 52, 40, 66, 48, 3 : 20.46 : 513203

29, 60, 40, 36, 34, 48, 5 : 20.46 : 521008

29, 52, 40, 7, 62, 48, 3 : 20.45 : 485596

29, 52, 60, 40, 7, 48, 9 : 20.45 : 513243

52, 40, 7, 66, 62, 56, 34 : 20.45 : 487224

29, 58, 52, 40, 7, 56, 48 : 20.45 : 533476

29, 52, 40, 7, 62, 34, 3 : 20.44 : 480978

29, 58, 52, 40, 7, 48, 3 : 20.43 : 506143

58, 52, 60, 40, 66, 48, 3 : 20.43 : 512367

29, 58, 60, 40, 7, 34, 5 : 20.43 : 478480

29, 60, 40, 36, 7, 66, 34 : 20.41 : 482133

29, 40, 7, 66, 62, 34, 48 : 20.4 : 494780

60, 40, 7, 66, 62, 34, 48 : 20.4 : 493586

58, 52, 60, 40, 36, 56, 34 : 20.39 : 490058

29, 58, 52, 40, 66, 48, 9 : 20.38 : 487635

29, 60, 40, 7, 66, 56, 48 : 20.38 : 524133

29, 58, 52, 40, 62, 34, 5 : 20.36 : 482919

29, 52, 60, 40, 36, 7, 34 : 20.35 : 529188

29, 52, 60, 40, 66, 34, 5 : 20.34 : 567621

29, 58, 60, 40, 66, 34, 5 : 20.33 : 495142

29, 58, 60, 40, 36, 56, 48 : 20.33 : 482718

29, 60, 40, 7, 62, 34, 48 : 20.33 : 511788

29, 52, 60, 40, 36, 34, 3 : 20.33 : 502744

29, 58, 52, 60, 40, 48, 5 : 20.32 : 538165

29, 58, 52, 40, 66, 48, 5 : 20.32 : 523493

52, 40, 36, 66, 62, 34, 48 : 20.32 : 506757

29, 52, 60, 40, 36, 48, 9 : 20.31 : 500878

29, 52, 60, 40, 66, 34, 9 : 20.31 : 524684

29, 60, 40, 36, 66, 48, 3 : 20.31 : 482453

29, 58, 60, 40, 7, 56, 48 : 20.3 : 501148

29, 58, 52, 40, 7, 34, 5 : 20.3 : 513829

29, 52, 40, 36, 66, 56, 48 : 20.29 : 535678

29, 52, 40, 66, 56, 34, 9 : 20.29 : 502838

58, 52, 60, 40, 66, 56, 48 : 20.29 : 541215

58, 60, 40, 7, 66, 56, 48 : 20.29 : 480880

29, 52, 60, 40, 36, 48, 25 : 20.28 : 496455

29, 52, 60, 40, 36, 48, 5 : 20.27 : 532818

29, 52, 40, 62, 56, 34, 5 : 20.27 : 506148

29, 52, 60, 40, 56, 34, 9 : 20.26 : 523348

29, 60, 40, 36, 7, 56, 34 : 20.26 : 476352

29, 58, 52, 40, 66, 48, 25 : 20.24 : 481172

29, 60, 40, 62, 56, 34, 48 : 20.24 : 522483

29, 58, 40, 66, 56, 34, 48 : 20.23 : 520013

29, 60, 40, 36, 66, 56, 34 : 20.23 : 487175

29, 60, 40, 62, 34, 48, 5 : 20.23 : 506247

58, 52, 60, 40, 36, 48, 5 : 20.23 : 488333

29, 58, 40, 62, 56, 34, 48 : 20.21 : 483925

58, 60, 40, 62, 56, 34, 48 : 20.2 : 479483

29, 52, 40, 36, 7, 66, 34 : 20.2 : 509359

29, 52, 60, 40, 7, 34, 9 : 20.2 : 510064

52, 60, 40, 7, 66, 56, 3 : 20.19 : 486589

52, 60, 40, 36, 66, 56, 48 : 20.19 : 535846

29, 60, 40, 7, 66, 34, 48 : 20.19 : 559554

58, 52, 60, 40, 62, 34, 5 : 20.18 : 475555

58, 52, 60, 40, 7, 56, 34 : 20.16 : 521329

29, 52, 40, 62, 56, 48, 3 : 20.14 : 495383

29, 52, 40, 66, 56, 34, 5 : 20.14 : 536587

52, 60, 40, 36, 66, 34, 48 : 20.14 : 573297

58, 52, 40, 36, 66, 56, 48 : 20.12 : 492365

29, 40, 36, 62, 56, 34, 48 : 20.1 : 478665

58, 52, 40, 62, 56, 34, 48 : 20.1 : 510076

29, 60, 40, 7, 66, 48, 3 : 20.08 : 501219

29, 58, 52, 60, 40, 56, 5 : 20.08 : 493388

29, 60, 40, 36, 7, 56, 48 : 20.08 : 495986

29, 52, 60, 40, 56, 34, 5 : 20.07 : 555577

29, 58, 60, 40, 66, 34, 3 : 20.07 : 477896

29, 40, 66, 62, 56, 34, 48 : 20.07 : 504887

29, 52, 60, 40, 66, 48, 5 : 20.06 : 567286

29, 58, 52, 40, 66, 34, 3 : 20.04 : 503812

29, 52, 40, 66, 62, 34, 3 : 20.03 : 485127

52, 60, 40, 36, 66, 56, 34 : 20.03 : 513950

29, 58, 60, 40, 7, 48, 5 : 20.03 : 476644

29, 52, 40, 7, 56, 34, 9 : 20.02 : 499261

29, 60, 40, 66, 56, 34, 5 : 20.02 : 509897

58, 52, 40, 7, 66, 34, 5 : 20.01 : 488570

29, 60, 40, 7, 66, 48, 5 : 20.01 : 505464

29, 52, 40, 7, 66, 34, 9 : 19.98 : 490518

29, 58, 52, 60, 40, 34, 5 : 19.97 : 540103

58, 52, 60, 40, 56, 34, 3 : 19.96 : 498025

29, 58, 40, 36, 7, 34, 48 : 19.96 : 488827

29, 58, 52, 40, 7, 34, 3 : 19.96 : 499044

58, 52, 40, 7, 66, 56, 48 : 19.95 : 508241

29, 52, 40, 36, 7, 48, 3 : 19.95 : 500716

52, 60, 40, 7, 66, 56, 48 : 19.94 : 550459

29, 60, 40, 66, 34, 48, 5 : 19.93 : 554096

58, 52, 60, 40, 66, 56, 5 : 19.93 : 476692

52, 60, 40, 7, 66, 56, 34 : 19.93 : 544342

58, 52, 60, 40, 66, 34, 5 : 19.92 : 522557

52, 60, 40, 7, 66, 56, 5 : 19.91 : 488955

29, 40, 7, 66, 56, 34, 5 : 19.91 : 480240

29, 58, 52, 40, 7, 48, 5 : 19.91 : 507430

29, 52, 60, 66, 56, 34, 48 : 19.9 : 495876

29, 58, 52, 40, 7, 34, 48 : 19.9 : 566200

29, 52, 40, 62, 34, 48, 9 : 19.9 : 493815

52, 60, 40, 36, 66, 34, 5 : 19.9 : 503915

29, 52, 40, 36, 66, 34, 5 : 19.89 : 503928

29, 52, 40, 7, 66, 56, 48 : 19.88 : 551368

29, 58, 60, 40, 7, 34, 48 : 19.87 : 534434

60, 40, 36, 66, 34, 48, 5 : 19.87 : 505885

29, 58, 52, 60, 40, 34, 25 : 19.87 : 479677

58, 60, 40, 36, 34, 48, 5 : 19.86 : 477336

29, 52, 60, 40, 7, 48, 3 : 19.84 : 544327

29, 52, 60, 7, 66, 34, 48 : 19.83 : 490834

58, 52, 40, 36, 66, 48, 5 : 19.83 : 474875

29, 52, 60, 40, 66, 48, 25 : 19.81 : 523953

29, 60, 40, 66, 56, 34, 9 : 19.81 : 477084

29, 58, 52, 40, 56, 34, 3 : 19.79 : 504971

29, 52, 40, 62, 34, 48, 3 : 19.79 : 516104

52, 40, 7, 66, 62, 34, 48 : 19.79 : 518706

29, 52, 40, 66, 62, 34, 5 : 19.78 : 503477

52, 60, 40, 36, 7, 66, 34 : 19.77 : 508257

29, 52, 60, 40, 66, 48, 9 : 19.75 : 529295

29, 52, 40, 66, 62, 48, 5 : 19.74 : 503552

29, 52, 60, 40, 66, 34, 25 : 19.74 : 504453

58, 52, 40, 62, 34, 48, 3 : 19.74 : 475013

29, 40, 36, 66, 56, 34, 48 : 19.73 : 514494

29, 52, 60, 40, 66, 48, 3 : 19.73 : 555043

29, 60, 40, 36, 56, 48, 5 : 19.73 : 474468

29, 60, 40, 7, 66, 34, 5 : 19.73 : 506074

29, 52, 40, 7, 66, 34, 48 : 19.72 : 586002

29, 40, 36, 66, 34, 48, 5 : 19.71 : 506001

52, 60, 40, 62, 34, 48, 3 : 19.71 : 511033

29, 58, 52, 40, 66, 48, 64 : 19.71 : 479762

29, 52, 40, 7, 66, 48, 3 : 19.7 : 525999

58, 52, 40, 7, 66, 34, 48 : 19.7 : 542025

29, 52, 60, 40, 56, 48, 9 : 19.7 : 525738

58, 52, 60, 40, 7, 34, 3 : 19.69 : 492266

52, 60, 40, 36, 7, 48, 3 : 19.69 : 495980

29, 52, 40, 62, 56, 48, 5 : 19.69 : 496486

58, 52, 60, 40, 7, 48, 5 : 19.69 : 502373

29, 52, 40, 66, 62, 48, 3 : 19.68 : 492027

58, 52, 60, 40, 66, 48, 25 : 19.68 : 481872

29, 52, 40, 36, 66, 48, 5 : 19.68 : 518239

52, 60, 40, 36, 56, 34, 3 : 19.68 : 479403

52, 60, 40, 7, 62, 48, 5 : 19.68 : 482517

29, 52, 60, 66, 34, 48, 5 : 19.67 : 485044

29, 60, 40, 66, 34, 48, 25 : 19.66 : 501766

29, 60, 40, 7, 56, 34, 5 : 19.66 : 497424

29, 58, 40, 36, 34, 48, 5 : 19.66 : 481367

58, 52, 40, 66, 56, 34, 3 : 19.66 : 480634

58, 52, 40, 7, 66, 48, 3 : 19.65 : 484455

29, 52, 40, 36, 7, 56, 48 : 19.64 : 528102

29, 58, 52, 60, 40, 48, 64 : 19.63 : 494404

29, 52, 40, 36, 66, 48, 25 : 19.63 : 477481

52, 60, 40, 36, 56, 34, 5 : 19.61 : 492584

52, 60, 40, 36, 34, 48, 5 : 19.61 : 547178

29, 52, 60, 7, 56, 34, 48 : 19.6 : 482050

29, 60, 40, 36, 7, 34, 48 : 19.6 : 528887

29, 52, 60, 40, 56, 34, 48 : 19.6 : 609482

29, 58, 52, 60, 40, 34, 64 : 19.59 : 489432

29, 52, 40, 7, 62, 34, 5 : 19.58 : 494792

29, 52, 40, 36, 7, 56, 34 : 19.57 : 511778

58, 52, 60, 40, 66, 48, 9 : 19.56 : 487336

52, 60, 40, 36, 66, 34, 3 : 19.56 : 484438

29, 52, 60, 40, 66, 5, 3 : 19.56 : 492327

58, 52, 60, 40, 66, 48, 64 : 19.55 : 480242

29, 52, 60, 40, 7, 34, 48 : 19.54 : 605937

29, 52, 60, 40, 56, 34, 3 : 19.54 : 540836

52, 60, 40, 36, 56, 48, 3 : 19.54 : 498307

58, 52, 60, 40, 66, 48, 5 : 19.53 : 523416

29, 52, 40, 36, 66, 48, 3 : 19.53 : 507728

52, 60, 40, 36, 7, 56, 48 : 19.52 : 523545

58, 52, 40, 66, 56, 34, 5 : 19.52 : 493792

29, 60, 40, 36, 34, 48, 3 : 19.52 : 501786

29, 58, 60, 40, 34, 48, 25 : 19.52 : 477803

29, 60, 40, 62, 34, 48, 3 : 19.51 : 488422

29, 52, 60, 40, 34, 48, 5 : 19.51 : 596774

29, 52, 60, 40, 36, 34, 9 : 19.51 : 482787

58, 40, 7, 66, 56, 34, 48 : 19.51 : 487799

60, 40, 7, 62, 56, 34, 48 : 19.5 : 489947

29, 52, 40, 36, 7, 34, 48 : 19.5 : 560431

29, 52, 60, 40, 56, 34, 25 : 19.5 : 495904

29, 58, 52, 40, 56, 34, 48 : 19.5 : 570460

52, 60, 40, 7, 62, 34, 5 : 19.49 : 486093

29, 52, 40, 7, 62, 48, 5 : 19.48 : 487545

29, 52, 40, 7, 66, 34, 5 : 19.48 : 532585

58, 52, 40, 7, 66, 34, 3 : 19.48 : 475598

29, 60, 40, 66, 56, 48, 5 : 19.48 : 506582

29, 52, 40, 7, 66, 48, 9 : 19.47 : 493870

58, 52, 60, 40, 7, 34, 48 : 19.46 : 560430

29, 58, 40, 66, 34, 48, 5 : 19.45 : 511327

29, 58, 52, 40, 56, 48, 9 : 19.43 : 487178

29, 58, 52, 40, 56, 34, 5 : 19.42 : 519519

29, 58, 40, 36, 56, 34, 48 : 19.42 : 493573

58, 52, 60, 40, 34, 48, 3 : 19.42 : 531364

52, 60, 40, 36, 66, 48, 5 : 19.41 : 518215

29, 52, 60, 40, 56, 5, 3 : 19.41 : 484258

29, 52, 60, 40, 66, 34, 3 : 19.4 : 546043

52, 60, 40, 36, 66, 48, 3 : 19.4 : 506944

58, 52, 40, 36, 7, 56, 48 : 19.4 : 483863

29, 60, 40, 7, 56, 34, 3 : 19.4 : 487005

29, 52, 40, 36, 56, 34, 48 : 19.38 : 564608

52, 60, 40, 62, 34, 48, 5 : 19.38 : 531284

29, 52, 40, 36, 34, 48, 5 : 19.37 : 551815

29, 40, 7, 66, 56, 34, 48 : 19.37 : 529747

58, 52, 60, 40, 56, 48, 9 : 19.37 : 484413

29, 52, 40, 36, 66, 48, 9 : 19.37 : 482412

29, 52, 40, 62, 34, 48, 5 : 19.36 : 535943

52, 60, 40, 36, 56, 34, 48 : 19.36 : 559402

29, 52, 60, 40, 7, 48, 25 : 19.35 : 508341

29, 40, 7, 62, 56, 34, 48 : 19.35 : 495392

58, 60, 40, 66, 56, 34, 48 : 19.35 : 519271

58, 52, 40, 66, 56, 34, 48 : 19.34 : 546040

52, 60, 40, 7, 66, 48, 3 : 19.33 : 525019

58, 60, 40, 36, 7, 34, 48 : 19.33 : 483738

58, 52, 40, 7, 56, 34, 3 : 19.33 : 476479

52, 60, 40, 36, 7, 56, 34 : 19.33 : 502533

52, 60, 40, 7, 66, 34, 48 : 19.31 : 584801

58, 52, 60, 40, 56, 34, 5 : 19.31 : 511268

29, 52, 40, 36, 56, 34, 5 : 19.31 : 500881

29, 52, 60, 40, 7, 34, 5 : 19.29 : 550669

29, 60, 40, 66, 56, 48, 9 : 19.29 : 480179

29, 60, 40, 66, 56, 34, 48 : 19.28 : 562119

29, 52, 60, 40, 7, 48, 5 : 19.28 : 546198

29, 58, 60, 40, 34, 48, 5 : 19.25 : 526427

58, 52, 40, 62, 34, 48, 5 : 19.25 : 493215

58, 52, 60, 40, 56, 34, 48 : 19.24 : 565210

29, 58, 52, 40, 34, 48, 5 : 19.24 : 557456

29, 52, 40, 66, 56, 34, 48 : 19.24 : 588796

58, 52, 40, 36, 34, 48, 5 : 19.24 : 507926

52, 40, 36, 7, 66, 56, 34 : 19.24 : 482776

58, 52, 60, 40, 56, 48, 3 : 19.24 : 503752

29, 52, 40, 7, 56, 34, 3 : 19.22 : 518693

29, 52, 40, 36, 56, 34, 3 : 19.21 : 486378

29, 58, 60, 40, 56, 48, 3 : 19.21 : 479060

29, 52, 60, 40, 56, 48, 25 : 19.2 : 512948

29, 52, 40, 66, 56, 34, 3 : 19.2 : 521957

29, 52, 40, 36, 56, 48, 3 : 19.19 : 503149

29, 52, 40, 36, 34, 48, 3 : 19.19 : 530583

58, 52, 60, 40, 56, 34, 9 : 19.19 : 480406

29, 52, 60, 40, 7, 34, 3 : 19.19 : 535707

29, 52, 60, 40, 34, 48, 25 : 19.18 : 545664

58, 52, 60, 40, 7, 34, 5 : 19.18 : 505126

52, 60, 40, 62, 34, 48, 9 : 19.18 : 490368

29, 52, 40, 56, 34, 9, 5 : 19.18 : 491389

29, 52, 40, 36, 34, 48, 25 : 19.16 : 502308

29, 52, 40, 7, 66, 48, 25 : 19.16 : 488311

58, 60, 40, 66, 34, 48, 5 : 19.16 : 511158

29, 52, 40, 36, 7, 34, 5 : 19.14 : 495739

29, 52, 40, 7, 66, 34, 3 : 19.13 : 517549

29, 52, 40, 36, 7, 34, 3 : 19.13 : 481021

29, 52, 40, 62, 34, 48, 25 : 19.13 : 485818

52, 60, 40, 36, 34, 48, 3 : 19.12 : 525515

29, 52, 60, 40, 48, 9, 3 : 19.12 : 492509

29, 52, 60, 40, 7, 5, 3 : 19.12 : 480317

58, 52, 40, 7, 66, 48, 5 : 19.1 : 488410

58, 60, 40, 36, 56, 34, 48 : 19.09 : 488993

29, 58, 60, 40, 56, 34, 5 : 19.09 : 483954

29, 52, 40, 7, 56, 34, 5 : 19.08 : 532707

29, 52, 40, 36, 66, 34, 3 : 19.08 : 485286

52, 40, 36, 7, 66, 56, 48 : 19.07 : 503020

29, 52, 40, 36, 66, 48, 64 : 19.07 : 475269

52, 60, 40, 36, 56, 48, 9 : 19.07 : 479179

29, 60, 40, 7, 56, 48, 3 : 19.06 : 492034

29, 58, 52, 40, 56, 48, 3 : 19.05 : 508645

29, 52, 60, 40, 34, 48, 9 : 19.04 : 554004

29, 52, 60, 40, 56, 48, 5 : 19.04 : 548461

29, 60, 40, 36, 56, 34, 48 : 19.03 : 532851

29, 52, 60, 40, 34, 48, 3 : 19.03 : 573554

29, 52, 60, 40, 66, 56, 64 : 19.02 : 478353

29, 58, 52, 40, 34, 48, 9 : 19.0 : 515455

29, 40, 36, 66, 34, 48, 3 : 19.0 : 486796

52, 60, 40, 36, 56, 48, 5 : 18.99 : 500744

52, 60, 40, 7, 66, 34, 5 : 18.99 : 531727

29, 52, 40, 7, 66, 48, 5 : 18.99 : 531110

52, 60, 40, 62, 34, 48, 25 : 18.98 : 482898

52, 60, 40, 36, 7, 34, 5 : 18.97 : 486989

58, 52, 40, 36, 34, 48, 3 : 18.97 : 488585

29, 60, 40, 66, 56, 34, 3 : 18.95 : 496593

29, 52, 60, 40, 56, 48, 3 : 18.94 : 545875

29, 52, 40, 36, 7, 48, 5 : 18.94 : 502241

29, 60, 40, 66, 56, 48, 3 : 18.93 : 501831

29, 58, 40, 7, 56, 34, 48 : 18.93 : 511076

29, 52, 60, 40, 34, 9, 5 : 18.91 : 505477

29, 52, 40, 36, 56, 48, 9 : 18.91 : 481899

60, 40, 36, 66, 56, 34, 48 : 18.91 : 513805

52, 60, 40, 66, 34, 48, 5 : 18.89 : 579687

29, 52, 40, 66, 56, 34, 25 : 18.89 : 476785

52, 40, 36, 7, 66, 34, 48 : 18.88 : 536411

29, 58, 52, 40, 34, 48, 3 : 18.88 : 536483

58, 52, 60, 40, 34, 5, 3 : 18.87 : 481414

29, 52, 60, 40, 66, 48, 64 : 18.87 : 518901

29, 60, 40, 7, 66, 34, 3 : 18.86 : 492341

29, 58, 52, 40, 34, 5, 3 : 18.86 : 487954

29, 52, 60, 40, 34, 5, 3 : 18.85 : 523765

58, 52, 60, 40, 34, 48, 25 : 18.85 : 503351

29, 58, 60, 40, 56, 34, 48 : 18.85 : 538491

29, 52, 60, 40, 7, 48, 42 : 18.84 : 477189

29, 52, 40, 36, 56, 48, 5 : 18.83 : 505277

58, 52, 40, 7, 56, 34, 5 : 18.83 : 488508

29, 40, 66, 62, 34, 48, 5 : 18.82 : 491707

52, 40, 36, 66, 56, 34, 48 : 18.82 : 540353

29, 58, 60, 40, 34, 48, 3 : 18.81 : 507443

58, 52, 40, 66, 34, 48, 3 : 18.81 : 515758

58, 60, 40, 66, 34, 48, 3 : 18.81 : 491315

29, 58, 40, 66, 34, 48, 3 : 18.81 : 492347

52, 60, 40, 7, 66, 34, 3 : 18.8 : 516553

29, 58, 40, 7, 34, 48, 5 : 18.8 : 496742

29, 52, 60, 40, 34, 9, 3 : 18.8 : 489593

29, 52, 40, 66, 56, 48, 5 : 18.79 : 532549

29, 52, 40, 56, 34, 9, 3 : 18.77 : 476352

52, 60, 40, 36, 34, 48, 25 : 18.76 : 499384

58, 52, 60, 40, 34, 48, 5 : 18.74 : 552775

29, 52, 60, 40, 48, 3, 25 : 18.73 : 479989

29, 52, 60, 40, 66, 34, 64 : 18.73 : 513692

29, 52, 40, 66, 56, 48, 3 : 18.73 : 526893

52, 60, 40, 7, 56, 34, 9 : 18.73 : 490995

29, 60, 40, 66, 48, 5, 3 : 18.73 : 481374

29, 52, 40, 66, 34, 48, 9 : 18.72 : 535254

29, 52, 40, 66, 34, 48, 5 : 18.72 : 579746

52, 60, 40, 7, 56, 34, 3 : 18.72 : 511206

29, 52, 60, 40, 48, 9, 5 : 18.72 : 497785

58, 52, 40, 36, 56, 34, 48 : 18.72 : 520446

52, 60, 40, 36, 66, 48, 25 : 18.71 : 478217

52, 60, 40, 7, 66, 34, 9 : 18.71 : 489170

58, 52, 40, 36, 7, 34, 48 : 18.71 : 515057

29, 52, 40, 7, 34, 9, 5 : 18.71 : 479378

29, 40, 36, 7, 56, 34, 48 : 18.71 : 505602

52, 40, 62, 56, 34, 48, 5 : 18.7 : 510934

29, 40, 7, 66, 34, 48, 9 : 18.68 : 476604

52, 60, 40, 7, 56, 34, 5 : 18.67 : 523204

29, 58, 60, 40, 56, 48, 5 : 18.67 : 479494

29, 52, 40, 62, 34, 48, 64 : 18.66 : 485609

29, 58, 52, 40, 34, 48, 25 : 18.66 : 506299

58, 52, 60, 40, 56, 48, 5 : 18.66 : 505936

29, 40, 62, 56, 34, 48, 3 : 18.65 : 474906

52, 60, 40, 36, 7, 48, 5 : 18.64 : 497229

58, 52, 40, 66, 56, 48, 3 : 18.64 : 486195

29, 40, 62, 56, 34, 48, 5 : 18.63 : 486100

29, 52, 60, 40, 66, 48, 42 : 18.63 : 498296

29, 52, 40, 66, 34, 9, 5 : 18.61 : 488212

29, 52, 60, 40, 36, 48, 64 : 18.61 : 489813

29, 58, 52, 40, 56, 48, 5 : 18.61 : 510515

29, 60, 40, 7, 56, 48, 5 : 18.59 : 490718

29, 60, 40, 34, 48, 5, 25 : 18.58 : 479147

52, 60, 40, 66, 34, 5, 3 : 18.58 : 506697

29, 52, 40, 7, 56, 48, 9 : 18.56 : 496976

52, 40, 62, 56, 34, 48, 9 : 18.55 : 476292

29, 52, 60, 40, 34, 5, 25 : 18.55 : 482770

29, 60, 40, 7, 56, 34, 48 : 18.55 : 548914

29, 52, 60, 40, 66, 34, 42 : 18.54 : 491390

29, 60, 40, 66, 34, 48, 3 : 18.53 : 532397

52, 60, 40, 36, 66, 48, 9 : 18.53 : 482165

29, 60, 40, 7, 34, 48, 5 : 18.52 : 534703

29, 52, 40, 56, 34, 5, 3 : 18.52 : 506919

29, 52, 60, 40, 48, 5, 3 : 18.52 : 518112

29, 40, 7, 66, 56, 48, 5 : 18.52 : 476266

29, 52, 60, 40, 7, 48, 64 : 18.52 : 499668

29, 60, 40, 66, 34, 48, 9 : 18.51 : 510673

58, 52, 40, 66, 34, 48, 9 : 18.51 : 494583

52, 60, 40, 7, 56, 34, 48 : 18.51 : 574040

29, 52, 60, 40, 48, 5, 25 : 18.5 : 490835

58, 52, 40, 66, 34, 48, 64 : 18.49 : 487359

29, 52, 40, 36, 34, 48, 9 : 18.48 : 509787

58, 52, 40, 66, 34, 48, 5 : 18.48 : 536987

52, 60, 40, 7, 66, 48, 5 : 18.48 : 530263

29, 52, 40, 66, 34, 48, 25 : 18.48 : 526504

29, 52, 40, 66, 56, 48, 9 : 18.47 : 505500

29, 52, 60, 40, 7, 34, 25 : 18.47 : 488909

52, 60, 40, 36, 7, 34, 48 : 18.47 : 554704

58, 52, 40, 7, 56, 48, 3 : 18.45 : 479807

29, 52, 40, 66, 56, 48, 25 : 18.45 : 492200

58, 52, 60, 40, 34, 48, 9 : 18.44 : 511909

52, 60, 40, 36, 66, 48, 64 : 18.44 : 475825

29, 52, 40, 7, 66, 48, 64 : 18.43 : 484628

29, 52, 40, 66, 34, 48, 3 : 18.43 : 556734

58, 52, 40, 7, 56, 34, 48 : 18.42 : 536548

58, 40, 7, 66, 34, 48, 5 : 18.4 : 477264

29, 60, 40, 56, 34, 5, 3 : 18.4 : 475984

29, 40, 66, 56, 34, 48, 5 : 18.39 : 520749

29, 60, 40, 66, 34, 5, 3 : 18.38 : 483050

29, 40, 36, 56, 34, 48, 5 : 18.38 : 494496

52, 60, 40, 7, 66, 48, 9 : 18.37 : 492442

29, 60, 40, 56, 34, 48, 5 : 18.36 : 537001

29, 40, 7, 62, 34, 48, 5 : 18.36 : 477140

29, 58, 52, 40, 48, 5, 3 : 18.36 : 481956

29, 58, 40, 7, 34, 48, 3 : 18.36 : 483480

29, 40, 7, 66, 34, 48, 5 : 18.35 : 519175

29, 52, 40, 7, 56, 34, 48 : 18.34 : 580338

29, 52, 40, 56, 34, 48, 5 : 18.33 : 567596

29, 40, 36, 7, 34, 48, 5 : 18.33 : 491482

52, 60, 40, 66, 34, 48, 3 : 18.33 : 555702

29, 52, 40, 7, 56, 48, 3 : 18.32 : 521155

52, 60, 40, 7, 66, 48, 25 : 18.31 : 487917

52, 60, 40, 7, 66, 48, 64 : 18.3 : 483971

29, 52, 40, 56, 34, 48, 25 : 18.3 : 518358

29, 52, 40, 7, 34, 48, 9 : 18.3 : 521401

58, 60, 40, 7, 34, 48, 5 : 18.3 : 491538

52, 60, 40, 66, 34, 48, 25 : 18.3 : 526565

29, 40, 36, 7, 34, 48, 3 : 18.27 : 477971

29, 60, 40, 66, 34, 48, 42 : 18.26 : 480868

29, 52, 40, 66, 48, 9, 3 : 18.23 : 475787

58, 60, 40, 7, 56, 34, 48 : 18.23 : 505436

52, 60, 40, 7, 56, 48, 3 : 18.22 : 515861

29, 58, 60, 40, 34, 48, 9 : 18.22 : 487149

58, 52, 40, 56, 34, 48, 3 : 18.21 : 510359

29, 58, 52, 40, 34, 48, 64 : 18.2 : 507188

29, 52, 60, 40, 56, 48, 42 : 18.19 : 482273

29, 40, 7, 66, 34, 48, 3 : 18.18 : 504106

58, 52, 60, 40, 48, 5, 3 : 18.17 : 477323

58, 52, 40, 7, 34, 48, 5 : 18.16 : 521671

52, 60, 40, 7, 56, 48, 9 : 18.16 : 492544

29, 40, 36, 56, 34, 48, 3 : 18.16 : 481357

58, 52, 40, 66, 34, 48, 25 : 18.14 : 485682

29, 52, 40, 36, 48, 5, 3 : 18.12 : 476651

52, 60, 40, 66, 34, 9, 5 : 18.12 : 487860

52, 40, 7, 62, 34, 48, 5 : 18.12 : 500767

58, 52, 40, 66, 56, 48, 5 : 18.11 : 491110

29, 52, 60, 40, 34, 48, 44 : 18.11 : 481580

29, 52, 40, 66, 34, 5, 3 : 18.11 : 507405

58, 40, 66, 56, 34, 48, 5 : 18.11 : 480167

29, 60, 40, 36, 34, 48, 9 : 18.09 : 481703

29, 52, 60, 40, 66, 48, 31 : 18.08 : 484592

52, 60, 40, 7, 56, 48, 25 : 18.07 : 481267

29, 52, 60, 40, 56, 34, 42 : 18.07 : 479238

29, 60, 40, 34, 48, 5, 3 : 18.05 : 507570

29, 40, 66, 56, 34, 48, 9 : 18.04 : 486972

29, 60, 40, 7, 34, 48, 9 : 18.03 : 493840

58, 52, 40, 7, 34, 48, 3 : 18.03 : 506863

29, 52, 40, 7, 34, 48, 3 : 18.01 : 548278

58, 52, 60, 40, 34, 48, 64 : 18.01 : 502098

29, 58, 40, 56, 34, 48, 3 : 18.0 : 486951

58, 60, 40, 7, 34, 48, 3 : 17.99 : 478551

29, 60, 40, 66, 34, 48, 64 : 17.99 : 501177

29, 52, 60, 40, 34, 48, 42 : 17.99 : 517902

52, 60, 40, 66, 34, 48, 9 : 17.99 : 534619

29, 52, 60, 40, 34, 48, 64 : 17.98 : 541355

52, 60, 40, 66, 34, 48, 64 : 17.97 : 525006

58, 52, 40, 56, 34, 48, 5 : 17.94 : 525470

58, 52, 60, 40, 34, 48, 42 : 17.93 : 477767

29, 52, 40, 66, 48, 5, 25 : 17.93 : 476293

=============  TOP-K UFPs v1.20 - STATS =============
 Transactions count from database : 3196
 Candidates count : 2449354
 Maximum memory usage : 250.54143524169922 mb
 Total time ~ 422281 ms
===================================================
