58 : 1621.03

52 : 1603.26

40 : 1596.68

29 : 1580.2

60 : 1579.91

7 : 1545.08

34 : 1540.56

36 : 1538.6

62 : 1538.18

56 : 1510.35

5 : 1506.71

48 : 1504.66

66 : 1493.59

9 : 1423.9

25 : 1410.77

3 : 1399.76

42 : 1356.57

64 : 1332.04

44 : 1322.32

46 : 1274.83

17 : 1272.81

31 : 1270.69

74 : 1197.88

72 : 1186.2

27 : 1128.97

54 : 1119.96

21 : 1117.29

38 : 1098.16

11 : 1049.48

15 : 1038.84

70 : 1003.23

19 : 993.58

50 : 990.53

68 : 984.59

23 : 898.19

1 : 845.05

13 : 842.21

58, 52 : 807.85

58, 40 : 807.42

52, 40 : 804.44

58, 29 : 803.9

58, 60 : 799.12

52, 29 : 798.03

58, 7 : 792.61

52, 60 : 792.53

58, 36 : 790.33

52, 7 : 786.77

40, 60 : 784.8

29, 60 : 784.75

40, 29 : 784.11

58, 56 : 777.57

52, 36 : 776.67

52, 34 : 776.37

58, 62 : 776.21

52, 62 : 774.87

58, 34 : 774.34

40, 34 : 773.71

29, 34 : 773.6

40, 7 : 768.58

60, 7 : 766.96

60, 34 : 766.25

58 : 766.24

40, 62 : 765.63

58, 48 : 765.55

29, 36 : 764.4

29, 7 : 763.46

60, 36 : 762.55

52, 56 : 762.4

40, 36 : 761.25

52 : 760.62

40, 56 : 758.76

52, 48 : 756.69

58, 66 : 754.39

60, 62 : 752.91

29, 62 : 752.59

29, 48 : 751.47

2 : 751.37

60, 66 : 751.17

29, 5 : 750.56

40, 5 : 749.56

60, 48 : 748.17

60, 5 : 746.9

60, 56 : 746.69

7, 34 : 746.47

36, 62 : 746.35

52, 66 : 745.77

14 : 745.17

34, 62 : 744.73

40, 48 : 744.72

29, 66 : 743.72

40, 66 : 743.33

7, 36 : 742.24

34, 36 : 741.28

29, 56 : 741.1

7, 62 : 740.3

36, 48 : 740.07

62, 5 : 738.95

34, 5 : 738.53

36, 5 : 731.58

7, 5 : 731.44

62, 56 : 730.76

62, 48 : 730.45

34, 48 : 728.89

36, 56 : 727.83

7, 56 : 723.98

7, 66 : 723.56

34, 56 : 723.11

62, 66 : 723.05

34, 66 : 719.61

58, 9 : 716.88

56 : 716.02

29 : 715.31

7, 48 : 714.6

5, 66 : 714.56

58, 25 : 713.41

56, 48 : 713.18

40, 9 : 712.87

58, 3 : 710.26

5, 48 : 710.09

56, 66 : 709.3

48, 66 : 708.28

36, 66 : 708.1

52, 9 : 707.5

52, 3 : 706.99

29, 25 : 706.42

40, 25 : 703.55

60, 25 : 703.46

60, 9 : 700.04

29, 3 : 699.83

60, 3 : 699.59

52, 25 : 697.2

58, 42 : 692.82

62, 9 : 690.57

40, 3 : 690.42

36, 9 : 688.31

56, 9 : 687.76

34, 9 : 687.62

62, 25 : 685.75

36, 25 : 685.64

24 : 684.95

7, 3 : 683.36

52, 42 : 680.82

40, 42 : 680.53

58, 64 : 680.1

48, 25 : 679.74

7, 9 : 678.16

34, 25 : 677.99

60, 42 : 675.47

34 : 675.46

62, 3 : 674.37

5, 25 : 672.99

7, 25 : 672.89

36 : 672.18

52, 64 : 671.44

40, 64 : 670.74

5, 9 : 670.69

48, 9 : 668.07

58, 44 : 667.95

52, 44 : 667.63

29, 42 : 667.42

56, 3 : 667.25

48, 3 : 665.21

40, 44 : 664.69

66, 9 : 663.6

29, 64 : 663.07

34, 42 : 661.21

5, 3 : 659.48

60, 44 : 659.16

7, 42 : 658.55

60, 64 : 658.53

62, 42 : 656.4

66, 25 : 656.12

5, 42 : 655.35

56, 25 : 653.38

66, 3 : 653.36

29, 44 : 651.11

34, 64 : 649.64

52, 17 : 648.07

58, 46 : 646.44

66, 42 : 646.26

52, 31 : 646.11

7, 64 : 645.33

58, 17 : 643.39

52, 46 : 643.06

60, 31 : 642.62

58, 31 : 642.57

36, 42 : 642.04

56, 42 : 640.97

36, 44 : 640.78

29, 31 : 639.4

34, 44 : 638.54

9, 25 : 638.49

36, 64 : 638.36

40, 46 : 638.23

5, 64 : 637.84

40, 31 : 635.81

48, 42 : 633.65

7, 44 : 631.33

62, 44 : 631.02

56, 64 : 630.56

29, 17 : 629.8

62, 64 : 629.35

66, 64 : 629.12

40, 17 : 629.05

42, 64 : 627.19

60, 17 : 626.39

29, 46 : 625.89

60, 46 : 625.66

48, 64 : 625.31

56, 44 : 624.68

9, 3 : 624.68

34, 46 : 622.23

5, 44 : 618.62

36, 46 : 616.78

7, 17 : 616.52

48, 44 : 615.8

62, 46 : 615.72

7, 31 : 615.25

7, 46 : 614.97

51 : 614.95

25, 3 : 614.23

66, 44 : 612.92

69 : 612.4

36, 17 : 611.15

62, 31 : 609.77

34, 17 : 609.46

5, 31 : 609.28

62, 17 : 609.02

20 : 607.37

36, 31 : 607.33

34, 31 : 607.15

56, 17 : 605.29

25, 42 : 603.81

5, 46 : 603.18

58, 72 : 602.59

60, 72 : 602.42

58, 74 : 601.69

52, 74 : 600.95

66, 31 : 600.82

52, 72 : 600.42

29, 74 : 599.92

48, 46 : 599.57

48, 17 : 599.57

71 : 597.74

9, 42 : 597.29

56, 46 : 596.01

66, 46 : 594.98

29, 72 : 593.97

66, 17 : 593.78

5, 17 : 593.73

48, 31 : 593.61

40, 74 : 591.21

3, 42 : 590.83

60, 74 : 588.53

9, 44 : 588.14

56, 31 : 587.34

66, 72 : 586.77

56, 74 : 585.72

40, 72 : 585.09

3, 64 : 584.95

25, 64 : 584.25

3, 31 : 582.02

62, 74 : 580.67

25, 44 : 579.04

9, 64 : 578.98

62, 72 : 578.71

34, 74 : 578.29

34, 72 : 577.88

36, 74 : 574.1

42, 31 : 573.05

25, 46 : 572.32

3, 17 : 572.23

7, 74 : 571.98

9, 31 : 571.67

5, 72 : 568.41

58, 21 : 568.27

5, 74 : 567.64

36, 72 : 566.8

3, 44 : 566.17

58, 27 : 565.87

58, 38 : 565.2

42, 44 : 565.05

64, 44 : 565.0

48, 72 : 564.85

7, 72 : 564.12

52, 21 : 563.57

16 : 563.32

58, 54 : 562.98

64, 31 : 562.31

29, 27 : 562.02

40, 27 : 561.2

9, 17 : 560.96

60, 27 : 557.53

29, 21 : 556.78

9, 46 : 555.81

52, 38 : 554.91

40, 54 : 554.68

40, 21 : 554.44

52, 27 : 553.32

42, 72 : 553.26

60, 21 : 552.95

42, 46 : 552.39

40, 38 : 552.34

52, 54 : 551.0

48, 27 : 550.81

36, 27 : 549.91

48, 74 : 549.88

62, 54 : 549.27

29, 54 : 548.92

56, 72 : 548.77

60, 38 : 548.36

25, 31 : 548.22

66, 74 : 548.11

7, 21 : 546.79

7, 27 : 546.38

64, 72 : 546.12

36, 21 : 545.58

12 : 545.16

25, 17 : 544.38

44, 46 : 543.72

3, 46 : 542.43

62, 27 : 541.0

36, 54 : 540.74

60, 54 : 539.75

3, 72 : 538.85

25, 74 : 538.09

9, 74 : 537.93

5, 38 : 537.9

34, 27 : 537.88

29, 38 : 536.64

34, 54 : 536.57

56, 54 : 536.11

42, 17 : 535.36

34, 21 : 535.06

62, 38 : 534.65

64, 46 : 533.93

7, 38 : 533.89

58, 15 : 533.88

48, 21 : 533.62

5, 54 : 532.99

52, 11 : 532.98

7, 54 : 532.93

56, 27 : 532.55

56, 38 : 531.81

58, 11 : 531.29

56, 21 : 530.49

25, 72 : 530.19

62, 21 : 529.51

5, 21 : 527.9

34, 38 : 527.88

66, 27 : 525.09

52, 15 : 523.11

44, 31 : 522.67

36, 38 : 522.14

29, 11 : 521.53

60, 15 : 521.51

40, 11 : 519.72

66, 21 : 518.33

48, 54 : 517.94

9, 72 : 517.03

66, 38 : 516.35

7, 15 : 515.9

40, 15 : 515.02

5, 27 : 514.85

9, 27 : 513.91

58, 50 : 513.8

44, 74 : 513.61

7, 11 : 512.55

60, 11 : 511.96

40, 70 : 511.16

31, 72 : 510.29

3, 74 : 509.67

58, 70 : 509.45

66, 54 : 509.23

17, 31 : 509.08

29, 15 : 509.0

17, 19 : 508.98

7, 70 : 508.93

52, 19 : 508.03

46, 17 : 507.71

62, 11 : 507.53

64, 17 : 507.5

9, 54 : 503.6

17, 15 : 503.58

58, 19 : 502.74

52, 70 : 502.11

9, 38 : 500.69

58, 68 : 500.5

60, 70 : 500.44

56, 11 : 500.39

52, 68 : 500.26

29, 70 : 499.87

40, 68 : 499.74

46, 31 : 499.57

25, 54 : 498.4

52, 50 : 498.15

48, 38 : 497.38

29, 19 : 497.26

34, 70 : 497.14

56, 68 : 495.88

34, 11 : 495.55

60, 19 : 495.35

34, 15 : 494.66

40, 19 : 494.33

7, 50 : 494.19

36, 11 : 494.03

40, 50 : 493.72

44, 17 : 493.63

5, 70 : 492.94

3, 27 : 492.74

3, 21 : 491.58

36, 15 : 491.41

60, 50 : 491.33

46, 19 : 491.31

17, 21 : 491.28

48, 15 : 490.87

39 : 490.67

9, 21 : 490.63

25, 27 : 490.55

34, 68 : 489.77

74, 54 : 489.08

44, 72 : 489.05

42, 74 : 488.51

25, 21 : 488.23

5, 11 : 487.91

28 : 487.8

56, 70 : 487.52

66, 15 : 486.66

42, 38 : 486.22

46, 72 : 486.15

22 : 485.38

66, 11 : 485.2

62, 15 : 485.16

55 : 484.88

42, 21 : 484.54

29, 50 : 483.5

7, 68 : 483.38

62, 70 : 482.64

44, 38 : 482.33

48, 11 : 482.32

36, 70 : 482.21

62, 68 : 481.97

62, 50 : 481.48

60, 68 : 481.35

34, 19 : 480.18

29, 68 : 479.85

9, 11 : 479.64

46, 74 : 479.14

34, 50 : 479.01

7, 19 : 478.36

44, 21 : 477.64

56, 15 : 477.51

64, 38 : 477.46

44, 54 : 475.8

25, 38 : 475.57

36, 68 : 474.45

5, 68 : 473.98

17, 74 : 473.12

3, 15 : 472.16

5, 50 : 470.72

17, 72 : 470.61

62, 19 : 470.25

5, 15 : 469.47

36, 19 : 469.38

36, 50 : 468.82

66, 70 : 468.75

56, 19 : 467.8

56, 50 : 467.05

64, 74 : 465.33

48, 19 : 463.97

66, 50 : 463.57

44, 27 : 463.37

48, 68 : 462.79

9, 70 : 462.36

3, 38 : 461.65

17, 11 : 461.6

3, 54 : 461.22

5, 19 : 461.15

52, 23 : 459.88

48, 50 : 459.86

3, 11 : 459.86

66, 19 : 458.29

40, 23 : 457.35

58, 23 : 456.19

9, 50 : 455.93

9, 15 : 455.37

46, 27 : 455.13

48, 70 : 454.73

66, 68 : 452.51

3, 70 : 452.38

25, 15 : 451.83

3, 50 : 451.18

38, 70 : 448.76

17, 27 : 447.77

46, 54 : 447.11

31, 38 : 445.59

42, 15 : 445.07

25, 11 : 443.77

64, 21 : 442.78

31, 21 : 442.36

60, 23 : 442.14

9, 19 : 441.86

17, 54 : 441.5

3, 19 : 441.26

31, 23 : 441.26

29, 23 : 441.21

42, 54 : 440.68

9, 68 : 440.32

31, 74 : 439.69

7, 23 : 439.64

64, 70 : 436.67

42, 70 : 435.6

64, 23 : 434.98

74, 38 : 433.5

64, 27 : 433.01

36, 23 : 433.0

44, 68 : 431.85

34, 23 : 430.14

25, 68 : 430.05

25, 19 : 429.93

42, 11 : 429.72

62, 23 : 429.51

42, 27 : 429.44

17, 38 : 429.32

44, 11 : 427.16

58, 1 : 427.09

40, 1 : 426.92

42, 23 : 426.69

3, 23 : 426.56

64, 54 : 426.37

52, 13 : 425.9

58, 13 : 425.76

42, 19 : 425.71

46, 38 : 424.33

74, 27 : 424.09

48, 23 : 422.93

34, 1 : 422.72

3, 68 : 421.52

60, 1 : 421.06

25, 70 : 420.65

40, 13 : 418.64

29, 1 : 418.31

52, 1 : 418.17

29, 13 : 417.92

5, 23 : 417.38

64, 11 : 417.0

56, 23 : 416.59

31, 15 : 416.58

31, 27 : 416.37

42, 50 : 416.27

42, 68 : 414.88

56, 1 : 414.79

27, 54 : 414.56

46, 11 : 414.1

25, 50 : 413.97

73 : 413.85

31, 70 : 412.68

74, 21 : 412.5

7, 1 : 412.44

66, 1 : 412.08

17, 70 : 411.57

7, 13 : 410.98

64, 19 : 410.85

46, 15 : 410.85

44, 70 : 410.67

60, 13 : 409.29

46, 21 : 409.07

48, 1 : 408.99

64, 50 : 408.8

72, 23 : 407.94

36, 1 : 407.36

64, 68 : 406.72

66, 23 : 406.56

31, 11 : 406.46

62, 1 : 405.05

64, 15 : 405.01

5, 1 : 404.23

72, 21 : 404.03

44, 50 : 403.41

62, 13 : 403.3

17, 68 : 403.02

9, 13 : 402.35

72, 38 : 401.65

27, 21 : 401.51

36, 13 : 400.03

11, 15 : 400.02

72, 15 : 399.59

34, 13 : 398.95

74, 72 : 397.88

5, 13 : 396.27

44, 19 : 395.71

9, 23 : 395.22

56, 13 : 395.15

74, 11 : 393.69

15, 19 : 392.71

54, 21 : 391.93

72, 27 : 391.63

31, 50 : 391.46

44, 15 : 391.44

75 : 389.92

74, 68 : 389.61

31, 19 : 389.6

25, 23 : 389.5

46, 68 : 389.48

74, 70 : 388.89

27, 11 : 388.45

21, 15 : 386.08

31, 54 : 385.55

48, 13 : 384.97

46, 50 : 384.22

58, 2 : 383.93

3, 1 : 382.91

54, 11 : 382.02

54, 38 : 381.99

9, 1 : 379.67

72, 11 : 379.33

44, 2 : 378.17

17 : 377.95

52 : 377.41

54, 68 : 377.34

25, 1 : 376.93

74, 15 : 376.71

60, 14 : 376.35

40, 14 : 376.28

40, 2 : 376.15

74, 50 : 375.5

66, 13 : 375.31

52, 14 : 374.67

58, 14 : 374.23

17, 50 : 374.13

72, 19 : 372.85

29 : 371.23

66, 14 : 370.93

21 : 370.54

36, 14 : 370.4

62, 14 : 369.6

72, 70 : 369.48

46, 70 : 369.14

60, 2 : 369.01

74, 19 : 368.7

27, 15 : 368.43

62 : 367.35

29, 14 : 367.34

38, 50 : 366.77

72, 68 : 366.66

48, 14 : 366.25

11, 19 : 366.06

54, 50 : 364.56

72, 50 : 363.63

38, 11 : 363.48

21, 11 : 362.81

34, 14 : 362.04

21, 68 : 361.12

31, 68 : 360.17

7, 2 : 359.64

46, 23 : 358.05

21, 38 : 357.57

36, 2 : 356.7

21, 19 : 356.31

17, 23 : 354.46

7, 14 : 354.33

38, 68 : 353.16

54, 70 : 353.0

27, 50 : 352.71

25, 13 : 352.26

72, 54 : 352.14

3, 13 : 351.82

5, 14 : 351.63

56, 14 : 351.09

27, 19 : 351.06

11, 70 : 350.31

44, 13 : 349.52

34, 2 : 349.46

18 : 349.22

42, 1 : 348.81

54, 24 : 347.47

44, 23 : 346.21

56, 2 : 345.09

58, 24 : 344.43

27, 68 : 344.25

5, 2 : 343.69

25, 14 : 343.64

42, 13 : 343.63

15, 70 : 341.88

70, 50 : 341.84

54, 15 : 341.57

60, 24 : 340.81

40, 24 : 340.58

74, 24 : 340.5

29, 24 : 340.3

48, 2 : 338.83

42, 14 : 338.8

38, 15 : 338.66

54, 19 : 338.16

3, 14 : 337.29

17, 13 : 337.24

52, 24 : 337.18

62, 24 : 336.76

56, 24 : 336.71

64, 13 : 336.47

9, 2 : 335.26

72, 1 : 335.18

64, 2 : 334.07

66, 2 : 333.45

66, 24 : 332.64

68, 1 : 331.9

36, 24 : 330.5

21, 70 : 330.37

25 : 330.3

31, 13 : 329.48

34, 24 : 328.04

11, 68 : 327.74

64, 1 : 327.54

46, 13 : 327.16

5, 24 : 327.0

7, 24 : 326.35

15, 68 : 326.14

11, 50 : 325.11

74, 1 : 323.06

21, 23 : 323.01

21, 50 : 322.99

38, 19 : 321.87

27, 38 : 321.77

48, 24 : 321.49

3, 2 : 321.25

31, 2 : 320.49

64, 14 : 319.34

15, 50 : 318.82

15, 23 : 318.69

42 : 316.32

25, 24 : 316.31

74, 13 : 315.38

44, 14 : 315.29

46, 2 : 314.85

27, 1 : 313.67

70, 68 : 313.49

46, 1 : 312.42

72, 14 : 312.42

54, 13 : 311.73

58, 20 : 311.5

19, 68 : 310.32

31 : 309.6

58, 69 : 309.55

40, 51 : 309.12

27, 70 : 308.88

47 : 308.29

15 : 307.74

46, 14 : 307.37

60, 51 : 306.89

70, 19 : 306.84

60, 69 : 306.33

27, 13 : 306.22

58, 71 : 305.72

29, 51 : 305.39

52, 51 : 304.81

40, 20 : 304.74

31, 14 : 304.34

9, 14 : 303.9

44, 24 : 303.68

40, 69 : 303.29

58, 51 : 302.8

9, 24 : 302.42

29, 20 : 300.62

29, 69 : 299.84

7, 20 : 299.55

48, 71 : 299.52

36, 51 : 299.39

19, 50 : 297.72

36, 20 : 297.47

62, 20 : 297.18

50, 68 : 296.83

66, 69 : 296.73

52, 71 : 296.13

52, 69 : 296.09

34, 20 : 295.92

52, 20 : 295.0

62, 71 : 294.96

48, 69 : 294.86

40, 71 : 294.68

48, 51 : 294.65

38, 23 : 294.06

60, 71 : 292.94

36, 71 : 292.8

34, 51 : 291.9

17, 14 : 291.83

29, 71 : 291.8

48, 20 : 291.68

38, 2 : 291.35

38, 13 : 291.03

54, 1 : 290.76

58, 16 : 290.5

60, 20 : 290.27

5, 20 : 290.01

27, 23 : 289.66

36, 69 : 289.41

11, 13 : 289.29

56, 51 : 288.49

5, 51 : 288.34

45 : 287.9

7, 69 : 286.4

66, 71 : 286.4

62, 51 : 286.14

29, 16 : 285.45

74, 2 : 284.96

56, 20 : 284.91

36, 16 : 284.32

62, 69 : 284.25

66, 51 : 284.06

25, 51 : 283.7

40, 16 : 283.17

62, 16 : 282.8

15, 13 : 282.57

72, 13 : 282.11

66, 20 : 281.89

19, 23 : 281.15

25, 71 : 281.1

7, 51 : 280.91

65 : 280.35

9, 20 : 280.15

21, 14 : 279.66

11 : 279.45

5, 69 : 279.41

52, 16 : 279.18

5, 16 : 279.03

70, 23 : 278.95

70, 13 : 278.75

34, 16 : 278.61

21, 13 : 278.59

44, 1 : 276.92

19 : 276.81

3, 69 : 276.27

25, 69 : 275.67

5, 12 : 275.23

52, 12 : 275.21

11, 23 : 275.14

25, 20 : 274.98

58, 12 : 274.87

29, 12 : 273.46

34, 71 : 272.72

50, 23 : 272.69

56, 16 : 272.2

48, 12 : 271.91

34, 69 : 271.65

56, 71 : 271.51

74, 14 : 271.29

44, 16 : 270.43

36, 12 : 270.24

31, 69 : 270.19

9, 69 : 270.16

48, 16 : 270.13

50, 13 : 268.15

46, 24 : 267.57

34, 12 : 267.56

7, 71 : 267.37

40, 12 : 267.31

17, 24 : 267.23

25, 16 : 266.9

64, 16 : 266.88

9, 51 : 266.78

62, 12 : 266.66

44, 20 : 266.15

68, 13 : 265.73

60, 16 : 265.57

42, 69 : 265.55

44, 51 : 265.09

27, 24 : 264.8

60, 12 : 264.63

42, 51 : 264.37

9, 16 : 264.32

17, 51 : 263.8

3, 20 : 262.98

64, 20 : 261.86

54, 2 : 260.96

5, 71 : 260.7

46, 71 : 260.47

7, 12 : 260.28

3, 24 : 259.99

74, 23 : 259.7

25, 12 : 259.4

17, 2 : 259.2

64, 51 : 258.84

7, 16 : 258.7

56, 69 : 257.97

38, 14 : 257.07

52, 55 : 256.97

64, 12 : 256.93

27, 14 : 256.69

66, 12 : 256.44

19, 13 : 255.55

70, 1 : 254.38

46, 51 : 254.03

42, 12 : 253.89

27, 71 : 253.69

66, 16 : 253.6

72 : 253.51

68, 23 : 253.22

56, 12 : 253.12

64, 69 : 252.81

46, 69 : 252.47

3, 51 : 252.22

=============  TOP-K UFPs v1.20 - STATS =============
 Transactions count from database : 3196
 Candidates count : 2639
 Maximum memory usage : 71.1618881225586 mb
 Total time ~ 1162 ms
===================================================
