3 : 154213.3

8 : 58052.14

35 : 57890.58

9 : 44543.85

1 : 37384.0

30 : 29944.91

33 : 28754.75

42 : 27568.48

10 : 26721.3

34 : 24224.96

3, 8 : 23733.71

3, 35 : 22569.15

36 : 20561.2

37 : 20021.31

63 : 20001.44

23 : 19883.84

65 : 19459.97

81 : 19151.85

172 : 18803.78

62 : 17364.48

3, 9 : 17127.79

53 : 16380.04

11 : 15863.93

3, 1 : 15333.66

70 : 15008.28

92 : 14391.13

109 : 14033.12

60 : 13668.54

139 : 13644.56

229 : 13178.54

74 : 12866.58

61 : 12732.44

86 : 12049.0

98 : 11777.01

3, 30 : 11697.76

3, 42 : 11279.34

83 : 10910.8

8, 35 : 10878.9

16 : 10863.79

17 : 10410.46

3, 10 : 10333.41

157 : 9937.27

96 : 9864.99

3, 33 : 9749.21

127 : 9585.01

3, 34 : 9517.12

145 : 9495.53

241 : 9420.96

64 : 8765.15

28 : 8651.82

3, 36 : 8321.62

3, 23 : 8075.78

8, 172 : 8071.67

47 : 7957.72

3, 63 : 7925.19

173 : 7869.18

217 : 7703.64

3, 65 : 7599.63

270 : 7578.03

3, 81 : 7499.95

8, 1 : 7482.34

35, 1 : 7297.26

3, 172 : 7270.53

242 : 7190.07

233 : 7183.89

59 : 7090.08

8, 9 : 7003.25

89 : 6967.36

3, 37 : 6931.5

19 : 6898.24

99 : 6873.79

3, 62 : 6835.32

9, 42 : 6820.11

136 : 6733.31

156 : 6726.9

3, 53 : 6716.55

9, 1 : 6660.44

35, 9 : 6500.68

3, 11 : 6476.62

184 : 6461.29

24 : 6440.62

186 : 6412.86

29 : 6348.24

210 : 6233.45

194 : 6214.88

12 : 6196.98

246 : 6171.11

3, 70 : 6052.1

3, 109 : 6014.18

9, 10 : 5963.48

3, 92 : 5912.42

34, 23 : 5901.42

32 : 5877.02

251 : 5665.77

146 : 5620.74

3, 61 : 5589.24

222 : 5560.51

3, 86 : 5518.33

3, 139 : 5505.32

8, 109 : 5466.89

227 : 5459.7

307 : 5452.88

3, 229 : 5436.73

68 : 5415.33

104 : 5405.25

129 : 5366.03

161 : 5360.54

3, 60 : 5354.4

3, 74 : 5346.9

18 : 5297.77

105 : 5120.28

1, 30 : 5116.61

35, 33 : 5091.06

334 : 5073.14

82 : 5067.84

1, 42 : 5042.11

8, 30 : 4902.99

9, 30 : 4898.56

8, 42 : 4870.43

268 : 4865.44

250 : 4764.44

3, 98 : 4758.52

137 : 4733.75

273 : 4731.19

240 : 4698.32

35, 30 : 4687.27

122 : 4666.42

306 : 4645.67

35, 10 : 4642.79

71 : 4630.68

2 : 4616.82

26 : 4611.48

8, 63 : 4566.05

1, 10 : 4488.09

85 : 4449.86

57 : 4447.34

8, 229 : 4440.91

8, 10 : 4437.12

35, 42 : 4406.16

288 : 4397.98

3, 83 : 4384.92

3, 16 : 4329.54

8, 86 : 4259.35

8, 33 : 4163.06

9, 36 : 4121.27

180 : 4104.67

35, 74 : 4064.0

3, 157 : 4059.46

38 : 4057.25

35, 34 : 4054.16

118 : 4052.22

42, 10 : 4030.32

9, 34 : 4025.56

95 : 4020.69

112 : 4020.49

3, 127 : 4014.44

3, 96 : 4009.86

134 : 4006.93

3, 17 : 3997.17

35, 63 : 3973.93

14 : 3946.42

317 : 3928.14

79 : 3890.46

35, 61 : 3847.13

9, 81 : 3751.03

8, 34 : 3743.8

94 : 3724.81

0 : 3706.49

1, 33 : 3694.86

1, 34 : 3652.69

3, 28 : 3597.97

327 : 3587.29

9, 37 : 3584.04

58 : 3563.81

125 : 3556.06

3, 64 : 3524.29

8, 127 : 3506.18

132 : 3460.38

143 : 3451.35

116 : 3435.55

9, 33 : 3428.16

9, 65 : 3424.43

35, 11 : 3422.04

215 : 3417.04

3, 173 : 3411.71

76 : 3410.37

3, 145 : 3393.29

3, 47 : 3377.28

30, 42 : 3360.29

9, 53 : 3358.53

35, 23 : 3355.67

8, 36 : 3338.36

7 : 3324.57

3, 241 : 3304.58

206 : 3287.28

1, 36 : 3285.31

8, 11 : 3276.44

35, 65 : 3267.73

42, 36 : 3267.72

8, 53 : 3258.26

164 : 3243.16

43 : 3222.55

320 : 3202.99

42, 81 : 3197.61

35, 86 : 3187.12

168 : 3184.92

35, 62 : 3168.56

35, 172 : 3157.72

8, 23 : 3147.38

1, 65 : 3127.56

148 : 3123.54

172, 109 : 3116.7

282 : 3108.04

3, 270 : 3101.0

8, 65 : 3086.46

31 : 3071.8

35, 28 : 3059.79

35, 139 : 3056.88

35, 36 : 3045.04

152 : 3042.16

9, 62 : 3027.18

3, 233 : 3026.09

326 : 3024.53

1, 23 : 3019.3

281 : 3005.99

42, 34 : 3003.62

35, 53 : 2997.19

289 : 2990.26

8, 81 : 2986.06

257 : 2975.39

9, 23 : 2947.62

255 : 2936.48

30, 10 : 2936.35

1, 92 : 2932.68

191 : 2931.91

1, 81 : 2904.76

9, 63 : 2904.13

1, 62 : 2900.4

102 : 2899.79

10, 36 : 2896.11

3, 186 : 2891.82

3, 99 : 2884.22

3, 217 : 2862.77

8, 62 : 2855.51

80 : 2848.27

335 : 2844.66

66 : 2831.98

8, 173 : 2800.7

1, 63 : 2789.23

258 : 2787.35

33, 42 : 2781.22

3, 59 : 2771.63

3, 89 : 2771.21

35, 109 : 2761.48

9, 92 : 2754.42

144 : 2747.94

69 : 2746.77

8, 92 : 2742.74

42, 65 : 2742.21

130 : 2736.6

155 : 2734.03

3, 242 : 2725.25

1, 70 : 2715.42

3, 12 : 2712.73

35, 37 : 2710.37

3, 194 : 2700.18

119 : 2697.14

1, 11 : 2691.17

106 : 2686.02

1, 53 : 2685.15

3, 19 : 2675.52

216 : 2657.31

33, 10 : 2638.4

35, 81 : 2637.63

8, 70 : 2636.53

197 : 2635.96

196 : 2607.57

205 : 2603.5

231 : 2597.06

3, 156 : 2587.57

3, 184 : 2585.92

9, 70 : 2583.05

209 : 2576.85

21 : 2569.33

90 : 2566.5

3, 222 : 2555.75

8, 37 : 2546.61

336 : 2533.22

3, 246 : 2524.3

3, 136 : 2523.81

35, 233 : 2523.48

30, 92 : 2521.2

397 : 2519.41

123 : 2514.83

333 : 2509.57

10, 81 : 2507.1

1, 37 : 2501.24

3, 210 : 2498.79

30, 34 : 2482.88

35, 92 : 2470.22

35, 98 : 2467.4

347 : 2462.54

337 : 2461.15

72 : 2458.14

91 : 2455.87

30, 36 : 2450.3

8, 61 : 2446.71

10, 34 : 2443.46

35, 229 : 2423.19

9, 11 : 2419.94

35, 70 : 2419.43

172, 229 : 2407.81

34, 62 : 2403.14

158 : 2401.92

42, 62 : 2398.56

35, 60 : 2390.49

377 : 2387.78

35, 89 : 2380.47

30, 33 : 2378.72

3, 29 : 2368.1

10, 53 : 2359.02

35, 194 : 2349.96

3, 251 : 2349.73

3, 161 : 2345.54

3, 32 : 2332.79

30, 70 : 2325.72

299 : 2325.37

8, 16 : 2311.39

34, 65 : 2304.63

3, 227 : 2302.73

3, 146 : 2301.3

1, 86 : 2301.24

65, 62 : 2298.74

3, 24 : 2280.2

8, 74 : 2271.29

1, 61 : 2246.61

8, 139 : 2241.8

8, 98 : 2240.63

42, 53 : 2235.77

3, 307 : 2233.64

3, 18 : 2222.74

20 : 2222.51

383 : 2217.79

42, 23 : 2215.57

3, 68 : 2202.68

11, 86 : 2198.12

3, 104 : 2192.75

8, 246 : 2183.95

409 : 2164.81

10, 37 : 2162.77

78 : 2158.96

298 : 2155.25

267 : 2154.06

236 : 2148.73

5 : 2143.99

3, 82 : 2141.69

42, 37 : 2140.61

35, 82 : 2133.26

3, 273 : 2119.53

55 : 2110.43

8, 60 : 2103.58

10, 65 : 2095.38

30, 65 : 2094.25

10, 62 : 2092.59

9, 61 : 2085.2

63, 98 : 2083.99

372 : 2081.65

3, 240 : 2080.56

36, 53 : 2077.26

349 : 2075.4

3, 137 : 2073.89

30, 81 : 2073.67

128 : 2065.48

178 : 2060.18

150 : 2059.25

30, 63 : 2052.1

1, 172 : 2041.99

30, 37 : 2030.74

33, 34 : 2029.6

30, 23 : 2027.45

3, 306 : 2026.02

894 : 2024.66

110 : 2023.65

23, 65 : 2005.16

36, 81 : 2004.18

1, 139 : 1994.81

3, 334 : 1993.51

35, 16 : 1981.6

3, 105 : 1978.31

35, 64 : 1973.77

9, 172 : 1971.59

3, 2 : 1971.18

35, 173 : 1969.27

9, 139 : 1969.14

23, 62 : 1967.68

175 : 1955.37

3, 129 : 1954.46

1, 74 : 1938.02

3, 122 : 1937.52

1, 109 : 1932.65

3, 85 : 1928.23

147 : 1927.13

453 : 1925.81

8, 161 : 1925.08

42, 70 : 1919.17

284 : 1910.53

10, 23 : 1906.37

3, 268 : 1885.32

42, 92 : 1884.59

10, 63 : 1883.64

30, 62 : 1881.49

172, 127 : 1866.52

42, 63 : 1864.47

3, 250 : 1847.11

56 : 1846.0

33, 65 : 1845.92

9, 98 : 1842.71

312 : 1837.89

358 : 1837.71

352 : 1829.43

366 : 1829.08

114 : 1825.43

302 : 1823.57

380 : 1822.42

9, 109 : 1822.28

157, 96 : 1815.91

8, 251 : 1814.85

15 : 1813.6

30, 53 : 1810.29

1, 98 : 1807.36

30, 11 : 1806.31

192 : 1806.21

33, 37 : 1803.62

223 : 1793.43

1, 60 : 1790.1

3, 79 : 1779.98

35, 85 : 1779.8

3, 112 : 1778.11

9, 96 : 1776.97

35, 127 : 1768.47

3, 95 : 1766.79

34, 36 : 1760.95

332 : 1760.93

34, 37 : 1760.45

35, 17 : 1758.71

3, 26 : 1748.63

8, 59 : 1744.06

339 : 1737.83

9, 86 : 1737.21

8, 96 : 1733.97

42, 11 : 1732.56

3, 288 : 1732.34

37, 65 : 1730.19

9, 60 : 1712.19

33, 62 : 1710.8

477 : 1710.78

10, 92 : 1707.54

3, 71 : 1704.23

261 : 1703.16

34, 63 : 1699.12

8, 83 : 1695.79

36, 37 : 1693.09

1, 229 : 1689.26

8, 17 : 1688.51

9, 74 : 1688.04

200 : 1686.7

8, 28 : 1686.37

34, 156 : 1686.36

1, 16 : 1679.83

33, 63 : 1672.55

54 : 1672.27

33, 36 : 1669.68

9, 157 : 1667.24

8, 306 : 1660.46

8, 38 : 1658.28

8, 307 : 1650.81

34, 53 : 1644.67

36, 65 : 1639.6

3, 118 : 1636.63

3, 180 : 1635.17

283 : 1634.34

3, 57 : 1632.26

67 : 1630.73

121 : 1629.59

1, 96 : 1625.24

8, 157 : 1625.04

3, 38 : 1622.98

10, 70 : 1622.6

203 : 1618.42

35, 83 : 1613.97

3, 317 : 1613.11

23, 156 : 1610.97

3, 134 : 1608.89

9, 229 : 1603.42

65, 60 : 1603.36

37, 81 : 1594.79

35, 96 : 1588.0

9, 83 : 1576.5

3, 116 : 1574.39

33, 23 : 1571.62

275 : 1571.29

1, 17 : 1559.71

218 : 1556.31

35, 157 : 1551.78

10, 11 : 1550.55

9, 16 : 1549.74

42, 157 : 1545.58

280 : 1544.6

1, 157 : 1541.14

34, 81 : 1540.51

498 : 1532.55

63, 23 : 1528.54

172, 173 : 1524.05

407 : 1521.61

33, 81 : 1520.89

3, 327 : 1517.78

8, 64 : 1517.31

249 : 1516.73

8, 217 : 1514.07

30, 61 : 1510.51

36, 62 : 1504.82

34, 184 : 1503.04

8, 222 : 1501.2

141 : 1495.99

35, 251 : 1494.54

3, 164 : 1491.74

23, 184 : 1490.41

96, 47 : 1490.07

1, 83 : 1481.17

44 : 1480.0

3, 43 : 1475.22

450 : 1474.46

33, 11 : 1474.27

214 : 1473.38

115 : 1470.74

34, 11 : 1467.2

35, 240 : 1462.74

33, 53 : 1461.02

8, 233 : 1460.13

3, 0 : 1459.92

65, 81 : 1457.43

77 : 1457.39

3, 215 : 1444.53

8, 240 : 1443.53

369 : 1443.45

9, 17 : 1441.99

3, 76 : 1437.75

3, 143 : 1424.54

322 : 1417.64

42, 96 : 1416.99

3, 7 : 1413.52

81, 53 : 1413.48

9, 47 : 1412.26

8, 241 : 1409.53

111 : 1406.95

37, 62 : 1402.45

34, 92 : 1401.78

42, 61 : 1398.32

263 : 1397.93

1, 99 : 1396.07

23, 53 : 1393.43

8, 47 : 1392.9

36, 23 : 1389.8

10, 61 : 1384.69

97 : 1384.07

1, 127 : 1382.51

42, 172 : 1382.49

142 : 1381.22

253 : 1380.24

10, 139 : 1379.07

230 : 1374.26

109, 173 : 1373.92

8, 194 : 1373.04

3, 14 : 1372.95

9, 127 : 1372.53

3, 320 : 1365.13

65, 53 : 1361.53

157, 47 : 1344.06

3, 94 : 1342.92

3, 168 : 1340.55

1, 47 : 1335.85

81, 62 : 1333.96

1, 233 : 1330.8

30, 86 : 1328.53

65, 11 : 1327.92

193 : 1321.93

3, 69 : 1319.17

34, 70 : 1318.18

35, 47 : 1315.63

3, 206 : 1312.25

35, 59 : 1312.19

37, 53 : 1312.04

3, 326 : 1311.58

1, 12 : 1311.03

30, 109 : 1310.11

225 : 1307.09

8, 12 : 1302.61

9, 99 : 1300.94

8, 99 : 1300.53

340 : 1290.48

1, 64 : 1287.53

3, 125 : 1287.44

42, 109 : 1283.18

30, 98 : 1281.9

3, 102 : 1278.94

36, 70 : 1275.1

3, 132 : 1273.78

30, 96 : 1271.98

245 : 1271.42

8, 0 : 1271.15

35, 242 : 1270.78

62, 53 : 1266.97

3, 289 : 1266.91

8, 268 : 1266.78

265 : 1266.13

42, 139 : 1261.96

172, 53 : 1261.96

36, 92 : 1261.34

503 : 1258.14

34, 98 : 1253.3

202 : 1253.25

35, 270 : 1252.36

70, 92 : 1250.93

274 : 1250.92

30, 172 : 1250.81

3, 255 : 1249.38

36, 11 : 1248.93

35, 217 : 1247.69

10, 172 : 1245.36

36, 63 : 1245.0

42, 47 : 1243.57

33, 70 : 1239.3

248 : 1237.35

3, 191 : 1236.78

30, 139 : 1236.45

1, 194 : 1236.26

63, 65 : 1231.27

8, 79 : 1229.92

33, 60 : 1228.75

35, 19 : 1227.98

8, 145 : 1227.97

172, 246 : 1227.38

34, 145 : 1227.14

63, 92 : 1224.92

3, 282 : 1224.23

356 : 1223.18

10, 98 : 1222.32

42, 86 : 1221.36

3, 257 : 1220.76

62, 60 : 1220.65

103 : 1219.35

30, 60 : 1219.14

30, 16 : 1217.22

42, 60 : 1217.14

62, 11 : 1214.33

290 : 1213.89

30, 157 : 1213.2

301 : 1212.35

10, 109 : 1210.37

23, 81 : 1208.71

30, 74 : 1204.48

8, 242 : 1203.79

23, 11 : 1202.53

3, 258 : 1201.32

3, 66 : 1201.25

33, 86 : 1201.1

1, 222 : 1200.72

8, 270 : 1200.21

35, 12 : 1197.99

33, 92 : 1197.36

34, 12 : 1196.89

42, 229 : 1195.37

3, 152 : 1194.84

35, 145 : 1188.51

35, 241 : 1187.15

403 : 1184.4

81, 92 : 1184.36

42, 74 : 1182.39

131 : 1180.39

33, 74 : 1179.52

8, 89 : 1179.11

149 : 1179.09

109, 229 : 1178.81

3, 209 : 1178.7

535 : 1177.88

10, 74 : 1177.68

81, 70 : 1177.08

9, 12 : 1176.09

23, 12 : 1174.9

8, 186 : 1173.24

42, 98 : 1170.12

3, 119 : 1169.7

3, 281 : 1168.92

34, 157 : 1165.24

411 : 1163.96

351 : 1163.57

3, 335 : 1162.35

23, 92 : 1160.53

30, 99 : 1155.95

63, 11 : 1153.7

172, 161 : 1152.42

396 : 1152.28

34, 139 : 1151.21

33, 61 : 1149.7

35, 306 : 1149.26

266 : 1148.63

3, 216 : 1144.28

117 : 1140.41

181 : 1140.29

9, 64 : 1139.96

367 : 1138.97

63, 62 : 1136.94

9, 222 : 1134.18

3, 58 : 1132.35

9, 136 : 1130.16

9, 18 : 1127.31

63, 139 : 1125.31

3, 91 : 1125.21

63, 81 : 1122.9

65, 92 : 1122.81

37, 23 : 1122.47

65, 70 : 1120.34

3, 144 : 1119.75

34, 96 : 1117.88

33, 139 : 1117.2

35, 57 : 1116.85

23, 98 : 1115.57

176 : 1115.22

10, 86 : 1110.95

11, 61 : 1109.67

8, 273 : 1106.82

198 : 1105.42

9, 233 : 1103.32

8, 19 : 1102.48

42, 16 : 1102.35

3, 347 : 1100.8

53, 109 : 1100.5

3, 80 : 1099.48

304 : 1098.22

3, 197 : 1097.3

1, 173 : 1096.98

167 : 1095.63

34, 61 : 1094.22

172, 251 : 1091.75

33, 172 : 1088.55

1, 241 : 1088.13

81, 11 : 1086.65

30, 229 : 1085.6

8, 18 : 1083.18

3, 21 : 1083.14

10, 96 : 1082.67

1, 210 : 1082.3

201 : 1082.28

448 : 1080.91

35, 125 : 1079.2

1, 137 : 1078.57

30, 17 : 1078.02

10, 83 : 1074.61

305 : 1074.18

1, 19 : 1073.88

35, 161 : 1073.35

9, 145 : 1073.32

9, 241 : 1073.26

35, 184 : 1072.04

9, 227 : 1071.47

23, 70 : 1070.89

30, 83 : 1070.42

9, 242 : 1069.96

96, 95 : 1069.27

3, 205 : 1066.95

34, 60 : 1066.93

3, 397 : 1065.93

42, 83 : 1065.03

376 : 1064.41

33, 98 : 1062.66

3, 155 : 1061.26

229, 173 : 1060.73

3, 31 : 1059.64

3, 123 : 1058.34

3, 72 : 1058.21

3, 231 : 1057.57

8, 158 : 1057.35

62, 70 : 1057.33

36, 61 : 1057.03

8, 210 : 1054.72

384 : 1051.63

3, 337 : 1050.7

35, 268 : 1049.1

10, 157 : 1048.74

35, 246 : 1047.83

35, 222 : 1045.17

9, 173 : 1044.81

1, 18 : 1043.5

10, 60 : 1043.3

3, 336 : 1043.23

10, 229 : 1043.03

33, 16 : 1043.0

1, 145 : 1038.8

9, 270 : 1037.87

8, 68 : 1035.6

63, 70 : 1032.38

8, 209 : 1030.76

42, 17 : 1029.96

35, 99 : 1028.56

663 : 1027.27

62, 92 : 1026.99

1, 273 : 1025.97

3, 148 : 1025.4

63, 53 : 1025.02

75 : 1024.69

64, 19 : 1023.45

42, 12 : 1022.06

35, 2 : 1021.25

1, 242 : 1017.1

3, 196 : 1016.5

53, 92 : 1014.96

30, 47 : 1012.25

9, 186 : 1012.1

3, 298 : 1012.01

107 : 1011.24

187 : 1008.52

34, 86 : 1008.34

42, 99 : 1007.43

30, 210 : 1006.81

63, 61 : 1006.1

8, 184 : 1003.91

291 : 1003.47

35, 307 : 997.57

35, 68 : 997.03

8, 137 : 995.42

1, 59 : 994.85

341 : 993.09

34, 47 : 989.82

35, 186 : 989.77

279 : 989.28

23, 96 : 988.22

86, 79 : 987.82

65, 61 : 987.42

9, 194 : 986.42

35, 210 : 984.72

10, 16 : 982.95

35, 104 : 980.96

3, 90 : 979.0

34, 172 : 978.41

3, 20 : 975.29

62, 139 : 972.86

3, 158 : 972.51

37, 92 : 971.7

458 : 971.14

3, 333 : 970.38

3, 106 : 970.16

3, 5 : 969.5

37, 70 : 969.5

9, 210 : 969.17

1, 186 : 966.57

74, 233 : 965.98

9, 32 : 965.83

108 : 965.52

11, 92 : 965.12

35, 273 : 965.03

11, 74 : 964.79

3, 349 : 964.67

8, 227 : 964.08

36, 172 : 963.71

23, 61 : 959.56

3, 130 : 958.47

62, 61 : 958.17

35, 18 : 955.89

53, 70 : 955.89

3, 383 : 954.94

8, 29 : 952.91

35, 79 : 952.54

3, 55 : 950.77

8, 104 : 950.11

34, 74 : 949.69

1, 270 : 948.92

1, 68 : 948.33

109, 251 : 947.88

463 : 947.52

65, 139 : 945.09

269 : 944.57

37, 60 : 942.81

61, 194 : 942.27

30, 29 : 941.96

1, 29 : 940.86

35, 29 : 939.49

316 : 938.84

1, 184 : 936.75

9, 273 : 936.59

229, 127 : 936.57

3, 78 : 935.85

42, 127 : 935.6

11, 70 : 934.72

8, 136 : 934.45

36, 109 : 933.46

8, 32 : 933.3

16, 17 : 932.19

65, 157 : 931.78

8, 85 : 931.45

23, 86 : 931.16

=============  TOP-K UFPs v1.20 - STATS =============
 Transactions count from database : 515596
 Candidates count : 196426
 Maximum memory usage : 368.2081604003906 mb
 Total time ~ 330135 ms
===================================================
