minUtil: 431331.80000000005
29, 52, 40, 34 : 183.33 : 444089

29, 52, 40, 48 : 182.14 : 454215

52, 60, 40, 48 : 182.1 : 451829

52, 60, 40, 34 : 179.37 : 437558

52, 40, 66, 48 : 175.95 : 435319

29, 40, 34, 48 : 171.26 : 434890

52, 40, 34, 48 : 168.15 : 463253

29, 58, 52, 60, 40 : 97.63 : 441356

29, 52, 60, 40, 7 : 96.42 : 458811

29, 52, 60, 40, 66 : 95.18 : 473607

29, 52, 40, 7, 66 : 94.12 : 440911

29, 52, 60, 40, 56 : 93.48 : 466669

29, 52, 40, 62, 48 : 92.91 : 450550

29, 52, 40, 66, 56 : 92.78 : 447749

29, 52, 40, 62, 34 : 92.16 : 442789

29, 52, 40, 7, 56 : 92.12 : 443362

29, 58, 60, 40, 48 : 92.05 : 437028

58, 52, 60, 40, 48 : 91.71 : 468006

52, 60, 40, 62, 48 : 91.62 : 448135

29, 52, 60, 40, 48 : 91.58 : 515523

29, 58, 52, 40, 48 : 91.57 : 470432

58, 52, 40, 66, 34 : 91.37 : 437689

29, 60, 40, 66, 48 : 91.2 : 468484

29, 52, 40, 36, 48 : 91.19 : 466030

29, 58, 52, 40, 34 : 91.02 : 460507

29, 60, 40, 36, 48 : 90.99 : 432846

29, 52, 60, 40, 34 : 90.75 : 503081

29, 60, 40, 66, 34 : 90.72 : 455847

52, 60, 40, 7, 66 : 90.25 : 440198

52, 60, 40, 36, 48 : 90.13 : 463650

52, 60, 40, 62, 34 : 89.99 : 436101

58, 52, 60, 40, 34 : 89.89 : 453808

29, 52, 40, 66, 34 : 89.57 : 485172

29, 52, 40, 36, 34 : 89.19 : 445534

29, 52, 60, 40, 3 : 89.06 : 439366

52, 60, 40, 66, 56 : 88.97 : 447686

58, 52, 40, 66, 48 : 88.96 : 450863

29, 52, 40, 66, 48 : 88.94 : 497443

29, 40, 7, 66, 48 : 88.93 : 435826

52, 60, 40, 7, 56 : 88.76 : 436584

29, 52, 60, 40, 5 : 88.55 : 442826

52, 60, 40, 66, 34 : 88.55 : 484833

58, 52, 40, 7, 48 : 88.37 : 437490

29, 60, 40, 7, 48 : 88.18 : 452140

29, 52, 40, 7, 48 : 88.02 : 484780

52, 60, 40, 66, 48 : 87.99 : 497731

52, 60, 40, 36, 34 : 87.94 : 438789

29, 52, 40, 56, 34 : 87.75 : 484644

52, 60, 40, 7, 48 : 87.72 : 480769

52, 40, 36, 66, 48 : 87.54 : 446627

29, 40, 66, 56, 34 : 87.16 : 431405

60, 40, 7, 66, 48 : 87.14 : 434961

58, 40, 66, 34, 48 : 86.91 : 432029

29, 60, 40, 7, 34 : 86.82 : 440454

52, 40, 66, 62, 48 : 86.75 : 431439

29, 52, 40, 7, 34 : 86.5 : 476704

29, 40, 66, 34, 48 : 86.03 : 477386

52, 40, 62, 56, 48 : 85.93 : 431371

60, 40, 66, 34, 48 : 85.89 : 476900

29, 40, 36, 34, 48 : 85.75 : 445955

29, 58, 40, 34, 48 : 85.63 : 450435

29, 60, 40, 34, 5 : 85.48 : 434227

52, 40, 36, 7, 48 : 85.35 : 433314

29, 60, 40, 34, 48 : 85.13 : 493464

58, 52, 40, 56, 34 : 85.05 : 436921

52, 40, 66, 56, 34 : 84.91 : 459224

29, 52, 40, 34, 9 : 84.79 : 432993

29, 60, 40, 56, 34 : 84.7 : 448254

29, 52, 40, 56, 48 : 84.69 : 489913

52, 40, 7, 66, 34 : 84.59 : 451818

52, 40, 62, 34, 48 : 84.55 : 458922

60, 40, 36, 34, 48 : 84.48 : 442155

52, 60, 40, 34, 48 : 84.47 : 521391

29, 40, 62, 34, 48 : 84.45 : 432045

52, 60, 40, 56, 48 : 84.36 : 487027

52, 40, 7, 66, 48 : 84.28 : 463130

29, 52, 40, 34, 5 : 84.27 : 469764

58, 60, 40, 34, 48 : 84.27 : 446591

29, 40, 66, 56, 48 : 84.22 : 439986

52, 60, 40, 7, 34 : 84.21 : 468706

52, 60, 40, 56, 34 : 84.19 : 477017

29, 60, 40, 48, 5 : 84.02 : 435712

29, 52, 40, 34, 48 : 83.91 : 525841

58, 52, 40, 34, 48 : 83.74 : 478751

58, 52, 40, 56, 48 : 83.66 : 444942

52, 40, 36, 56, 48 : 83.34 : 440703

29, 60, 40, 48, 3 : 83.01 : 432308

60, 40, 66, 56, 48 : 82.95 : 439798

29, 60, 40, 56, 48 : 82.92 : 457174

52, 60, 40, 34, 5 : 82.84 : 462745

52, 40, 36, 34, 48 : 82.78 : 474093

52, 40, 66, 34, 48 : 82.7 : 504617

40, 7, 66, 34, 48 : 82.45 : 443959

52, 40, 66, 34, 5 : 82.31 : 447699

29, 52, 40, 48, 9 : 82.04 : 436335

52, 40, 66, 56, 48 : 81.64 : 468089

52, 60, 40, 48, 5 : 81.62 : 463308

29, 52, 40, 48, 5 : 81.5 : 467166

52, 40, 7, 56, 34 : 81.5 : 453846

29, 52, 40, 34, 3 : 81.36 : 453517

52, 60, 40, 48, 9 : 81.29 : 434047

52, 60, 40, 34, 3 : 81.11 : 447582

52, 60, 40, 48, 3 : 81.1 : 457917

29, 40, 7, 34, 48 : 80.85 : 464082

29, 52, 40, 48, 3 : 80.63 : 462093

60, 40, 7, 34, 48 : 80.05 : 459158

60, 40, 34, 48, 5 : 79.72 : 453055

52, 40, 7, 56, 48 : 79.5 : 459261

52, 40, 66, 34, 3 : 79.49 : 432479

52, 40, 56, 34, 5 : 79.41 : 445020

29, 40, 56, 34, 48 : 79.31 : 469455

29, 40, 34, 48, 5 : 79.27 : 456954

40, 66, 56, 34, 48 : 79.24 : 449085

52, 40, 7, 34, 48 : 79.08 : 490617

52, 40, 7, 34, 5 : 78.91 : 437636

52, 40, 56, 34, 3 : 78.78 : 433467

52, 40, 66, 48, 5 : 78.76 : 450581

52, 40, 56, 34, 48 : 78.04 : 496548

52, 40, 66, 48, 3 : 77.81 : 442647

40, 66, 34, 48, 5 : 77.63 : 440011

52, 40, 34, 48, 5 : 77.13 : 483785

52, 40, 7, 48, 3 : 77.12 : 434685

60, 40, 56, 34, 48 : 77.08 : 465007

29, 52, 40, 48, 64 : 76.64 : 431472

52, 40, 7, 48, 5 : 76.31 : 434424

29, 40, 34, 48, 3 : 75.99 : 441889

52, 40, 34, 48, 3 : 75.67 : 466236

60, 40, 34, 48, 3 : 75.5 : 437571

52, 40, 34, 48, 25 : 75.46 : 435541

40, 7, 56, 34, 48 : 75.22 : 438996

52, 40, 34, 48, 9 : 74.99 : 445185

52, 40, 56, 48, 3 : 74.91 : 438571

52, 40, 56, 48, 5 : 74.82 : 439746

52, 40, 34, 48, 64 : 71.73 : 441733

29, 58, 52, 60, 40, 62 : 49.79 : 440108

29, 52, 60, 40, 7, 62 : 49.56 : 455451

29, 52, 60, 40, 62, 56 : 48.88 : 468784

29, 58, 52, 60, 40, 7 : 48.52 : 475107

29, 52, 60, 40, 66, 62 : 48.46 : 470154

29, 58, 52, 60, 40, 36 : 48.45 : 443841

29, 58, 52, 40, 7, 66 : 47.92 : 456538

29, 52, 40, 7, 62, 56 : 47.77 : 445458

29, 58, 52, 60, 40, 66 : 47.74 : 489885

29, 52, 60, 40, 62, 48 : 47.73 : 509108

29, 52, 40, 66, 62, 56 : 47.67 : 449802

29, 52, 40, 7, 66, 62 : 47.14 : 437346

29, 52, 60, 40, 36, 7 : 46.83 : 459523

29, 58, 40, 36, 66, 48 : 46.69 : 432940

29, 58, 60, 40, 66, 48 : 46.62 : 484047

29, 58, 52, 40, 62, 48 : 46.6 : 466165

58, 52, 60, 40, 62, 48 : 46.41 : 463706

29, 52, 40, 36, 62, 48 : 46.38 : 461495

29, 52, 60, 40, 62, 34 : 46.28 : 499120

29, 52, 60, 40, 62, 3 : 46.25 : 437788

29, 58, 60, 40, 62, 48 : 46.17 : 434345

58, 52, 60, 40, 7, 66 : 46.14 : 455839

29, 58, 52, 60, 40, 48 : 45.97 : 531616

29, 58, 60, 40, 36, 48 : 45.95 : 448891

29, 58, 52, 40, 36, 48 : 45.88 : 482112

29, 58, 60, 40, 66, 34 : 45.84 : 471538

29, 52, 60, 40, 7, 66 : 45.83 : 503687

29, 58, 52, 40, 66, 56 : 45.81 : 463077

29, 60, 40, 66, 62, 48 : 45.81 : 463749

29, 52, 60, 40, 36, 66 : 45.75 : 473794

29, 52, 60, 40, 7, 56 : 45.73 : 499118

52, 60, 40, 7, 66, 62 : 45.69 : 436711

52, 60, 40, 7, 62, 56 : 45.68 : 438649

29, 58, 52, 40, 66, 34 : 45.65 : 500792

29, 58, 52, 40, 66, 48 : 45.63 : 512931

29, 52, 40, 36, 7, 66 : 45.62 : 440979

29, 52, 60, 40, 66, 56 : 45.56 : 509349

29, 52, 60, 40, 36, 56 : 45.55 : 466530

29, 52, 40, 7, 62, 48 : 45.52 : 478406

29, 58, 52, 60, 40, 56 : 45.43 : 482676

29, 58, 52, 40, 7, 56 : 45.35 : 459001

58, 52, 40, 7, 62, 48 : 45.32 : 433202

29, 52, 60, 40, 7, 9 : 45.3 : 442892

58, 52, 60, 40, 36, 48 : 45.29 : 479692

29, 58, 40, 7, 66, 48 : 45.26 : 450738

29, 60, 40, 36, 66, 48 : 45.26 : 479364

29, 60, 40, 66, 62, 34 : 45.21 : 453462

29, 58, 52, 40, 62, 34 : 45.19 : 458641

29, 58, 60, 40, 66, 56 : 45.16 : 433299

29, 58, 40, 7, 66, 34 : 45.16 : 439543

29, 52, 40, 66, 62, 48 : 45.14 : 490966

29, 52, 60, 40, 36, 48 : 45.13 : 526589

29, 52, 60, 40, 62, 5 : 45.09 : 442220

58, 52, 60, 40, 66, 34 : 45.08 : 500477

29, 60, 40, 7, 66, 56 : 45.07 : 449534

29, 52, 40, 7, 66, 56 : 45.01 : 478522

29, 58, 52, 40, 7, 48 : 45.0 : 500324

52, 60, 40, 66, 62, 56 : 44.99 : 449980

29, 40, 36, 7, 66, 48 : 44.93 : 446219

29, 60, 40, 7, 62, 48 : 44.89 : 447374

29, 58, 52, 60, 40, 34 : 44.88 : 519295

58, 52, 60, 40, 62, 34 : 44.81 : 451781

29, 58, 52, 60, 40, 3 : 44.72 : 454616

29, 58, 60, 40, 7, 48 : 44.72 : 467647

58, 60, 40, 36, 66, 48 : 44.7 : 433112

29, 52, 40, 36, 66, 56 : 44.67 : 446965

52, 60, 40, 36, 62, 48 : 44.66 : 459086

58, 52, 60, 40, 7, 48 : 44.63 : 496227

52, 60, 40, 7, 62, 48 : 44.58 : 474331

29, 52, 40, 62, 56, 34 : 44.57 : 486142

29, 52, 40, 62, 56, 48 : 44.55 : 489732

58, 52, 60, 40, 7, 56 : 44.51 : 452057

58, 60, 40, 7, 66, 34 : 44.46 : 438347

29, 52, 40, 36, 62, 34 : 44.4 : 442994

29, 52, 40, 66, 62, 34 : 44.37 : 481217

58, 52, 60, 40, 66, 48 : 44.37 : 513263

58, 52, 40, 36, 66, 34 : 44.36 : 437871

29, 52, 60, 40, 66, 48 : 44.34 : 559715

29, 52, 60, 40, 7, 3 : 44.33 : 472673

58, 52, 40, 36, 66, 48 : 44.33 : 462036

58, 52, 40, 66, 62, 48 : 44.32 : 446415

29, 52, 60, 40, 66, 34 : 44.23 : 547896

29, 58, 52, 40, 36, 34 : 44.22 : 461457

29, 58, 52, 40, 66, 5 : 44.21 : 444253

29, 58, 52, 40, 7, 3 : 44.2 : 432859

29, 52, 40, 36, 66, 48 : 44.19 : 508019

29, 52, 60, 40, 7, 48 : 44.16 : 543005

29, 58, 40, 66, 56, 34 : 44.14 : 446197

29, 52, 60, 40, 36, 34 : 44.14 : 502131

58, 52, 60, 40, 36, 34 : 44.14 : 454544

29, 52, 60, 40, 36, 3 : 44.11 : 439145

29, 52, 40, 36, 7, 48 : 44.11 : 495479

58, 52, 40, 66, 62, 34 : 44.11 : 435602

52, 60, 40, 66, 62, 34 : 44.11 : 480978

52, 60, 40, 66, 62, 48 : 44.11 : 491355

58, 60, 40, 7, 66, 48 : 44.1 : 449887

52, 60, 40, 36, 7, 66 : 44.08 : 440292

29, 58, 60, 40, 7, 34 : 43.99 : 456107

58, 52, 60, 40, 66, 56 : 43.98 : 463058

29, 60, 40, 36, 7, 48 : 43.96 : 463022

29, 60, 40, 62, 56, 34 : 43.95 : 450679

29, 52, 60, 40, 56, 9 : 43.94 : 457197

52, 60, 40, 62, 56, 48 : 43.91 : 486957

58, 52, 40, 7, 66, 56 : 43.9 : 433033

29, 60, 40, 7, 66, 48 : 43.89 : 495638

29, 52, 40, 36, 7, 56 : 43.87 : 443439

29, 60, 40, 36, 66, 34 : 43.86 : 455423

29, 40, 66, 62, 56, 34 : 43.84 : 433948

29, 60, 40, 7, 62, 34 : 43.82 : 438013

29, 60, 40, 62, 56, 48 : 43.81 : 458147

52, 60, 40, 36, 62, 34 : 43.81 : 436092

29, 58, 40, 66, 34, 48 : 43.8 : 492287

29, 52, 60, 40, 66, 5 : 43.8 : 490428

29, 58, 52, 40, 7, 5 : 43.77 : 433321

29, 52, 40, 7, 56, 9 : 43.75 : 433795

58, 52, 40, 62, 56, 48 : 43.7 : 446311

29, 58, 52, 40, 7, 34 : 43.66 : 492478

29, 52, 40, 7, 62, 34 : 43.57 : 472934

58, 52, 60, 40, 66, 3 : 43.54 : 436961

29, 52, 60, 40, 36, 5 : 43.51 : 443087

58, 52, 40, 7, 66, 34 : 43.5 : 466824

29, 52, 40, 36, 66, 34 : 43.38 : 483668

29, 40, 66, 62, 56, 48 : 43.32 : 441021

29, 52, 60, 40, 66, 9 : 43.25 : 456668

58, 52, 40, 36, 7, 48 : 43.25 : 448761

29, 52, 40, 7, 66, 48 : 43.22 : 523503

52, 40, 36, 62, 56, 48 : 43.21 : 441818

29, 52, 40, 62, 34, 48 : 43.19 : 519006

58, 60, 40, 66, 34, 48 : 43.18 : 491825

52, 60, 40, 7, 66, 56 : 43.15 : 477633

29, 58, 52, 60, 40, 5 : 43.14 : 458581

29, 52, 60, 40, 56, 34 : 43.14 : 539292

58, 52, 40, 7, 66, 48 : 43.12 : 477981

29, 58, 52, 60, 34, 48 : 43.11 : 434215

52, 40, 36, 66, 62, 48 : 43.09 : 441900

52, 60, 40, 36, 66, 56 : 43.08 : 446962

52, 60, 40, 62, 34, 48 : 43.08 : 514506

29, 52, 40, 7, 66, 5 : 43.06 : 457635

29, 52, 40, 66, 56, 5 : 43.04 : 462680

52, 60, 40, 62, 56, 34 : 43.04 : 478506

29, 60, 40, 62, 34, 48 : 43.03 : 488065

29, 60, 40, 36, 34, 5 : 43.02 : 434132

29, 52, 40, 66, 56, 9 : 43.0 : 438007

29, 40, 36, 66, 34, 48 : 43.0 : 487303

60, 40, 36, 62, 34, 48 : 42.99 : 438424

29, 60, 40, 66, 34, 48 : 42.97 : 537118

52, 60, 40, 36, 66, 48 : 42.96 : 508411

58, 52, 40, 62, 56, 34 : 42.94 : 439864

29, 60, 40, 66, 56, 5 : 42.93 : 434960

29, 52, 40, 66, 56, 34 : 42.91 : 519115

58, 52, 40, 66, 56, 34 : 42.89 : 473990

52, 60, 40, 36, 66, 34 : 42.89 : 483362

29, 58, 40, 66, 56, 48 : 42.87 : 454574

52, 60, 40, 36, 7, 56 : 42.86 : 436449

29, 60, 40, 7, 66, 34 : 42.84 : 484794

29, 58, 52, 40, 56, 34 : 42.8 : 500172

60, 40, 66, 62, 56, 48 : 42.8 : 441074

60, 40, 36, 7, 66, 48 : 42.75 : 445424

29, 58, 52, 40, 66, 3 : 42.74 : 437617

29, 40, 7, 66, 56, 34 : 42.7 : 461024

60, 40, 66, 62, 34, 48 : 42.7 : 471731

29, 52, 60, 40, 7, 5 : 42.67 : 472547

60, 40, 66, 62, 56, 34 : 42.65 : 433443

29, 52, 60, 40, 56, 3 : 42.62 : 478060

58, 52, 40, 62, 34, 48 : 42.62 : 473845

29, 52, 60, 40, 66, 3 : 42.61 : 481744

29, 52, 60, 40, 66, 25 : 42.61 : 439894

29, 60, 40, 36, 48, 3 : 42.58 : 442060

29, 40, 36, 62, 34, 48 : 42.57 : 442274

52, 60, 40, 7, 62, 34 : 42.57 : 464772

58, 52, 60, 40, 7, 34 : 42.52 : 484296

58, 60, 40, 62, 34, 48 : 42.52 : 443097

29, 52, 60, 40, 7, 34 : 42.5 : 532376

58, 52, 60, 40, 66, 5 : 42.5 : 444189

29, 58, 40, 36, 34, 48 : 42.49 : 461365

29, 58, 40, 7, 56, 34 : 42.47 : 441007

58, 40, 36, 66, 34, 48 : 42.46 : 442516

29, 52, 40, 62, 48, 9 : 42.44 : 431353

52, 60, 40, 36, 7, 48 : 42.44 : 491426

29, 52, 60, 40, 34, 48 : 42.43 : 583395

29, 52, 40, 7, 66, 34 : 42.42 : 513100

29, 52, 60, 40, 56, 48 : 42.39 : 546953

29, 58, 52, 40, 34, 9 : 42.37 : 447868

29, 60, 40, 36, 34, 48 : 42.37 : 503780

29, 60, 40, 36, 7, 34 : 42.33 : 440494

52, 40, 7, 66, 62, 48 : 42.33 : 456619

29, 60, 40, 36, 48, 5 : 42.31 : 446176

52, 40, 7, 62, 56, 48 : 42.3 : 459030

29, 40, 36, 66, 56, 48 : 42.28 : 449982

29, 52, 60, 66, 34, 48 : 42.25 : 465496

52, 40, 36, 62, 34, 48 : 42.25 : 468926

29, 60, 40, 66, 48, 5 : 42.24 : 482304

29, 52, 40, 36, 56, 34 : 42.23 : 483034

29, 40, 7, 62, 56, 48 : 42.22 : 432061

52, 40, 66, 62, 56, 34 : 42.22 : 460847

29, 52, 40, 7, 66, 3 : 42.21 : 454815

29, 52, 40, 36, 56, 48 : 42.2 : 500249

58, 60, 40, 66, 56, 34 : 42.2 : 445468

29, 60, 40, 62, 34, 5 : 42.19 : 433483

58, 60, 40, 36, 34, 48 : 42.18 : 457477

58, 52, 60, 40, 56, 48 : 42.17 : 502242

29, 52, 60, 40, 56, 5 : 42.14 : 478566

29, 60, 40, 66, 34, 5 : 42.13 : 480213

52, 60, 40, 36, 56, 48 : 42.12 : 497369

29, 60, 40, 62, 48, 5 : 42.09 : 433756

52, 60, 40, 7, 66, 48 : 42.08 : 522770

58, 52, 60, 40, 56, 3 : 42.07 : 433556

29, 52, 40, 66, 56, 3 : 42.05 : 459398

29, 60, 40, 66, 56, 34 : 42.04 : 490685

29, 58, 60, 40, 34, 5 : 42.0 : 449650

29, 58, 60, 40, 34, 48 : 41.99 : 508885

29, 58, 52, 40, 56, 48 : 41.98 : 505168

60, 40, 36, 66, 34, 48 : 41.98 : 486894

29, 52, 40, 36, 34, 48 : 41.96 : 535976

29, 52, 40, 7, 56, 3 : 41.94 : 456478

29, 58, 40, 62, 34, 48 : 41.93 : 446995

29, 52, 40, 62, 34, 3 : 41.92 : 451689

29, 60, 40, 7, 56, 34 : 41.91 : 479324

52, 40, 36, 7, 66, 48 : 41.91 : 473289

29, 58, 40, 66, 34, 5 : 41.89 : 435062

29, 52, 40, 36, 7, 34 : 41.87 : 475911

29, 58, 52, 40, 34, 5 : 41.85 : 485308

58, 52, 60, 40, 34, 48 : 41.85 : 536765

29, 40, 66, 62, 34, 48 : 41.84 : 472117

58, 52, 60, 40, 56, 34 : 41.84 : 492377

29, 58, 52, 40, 34, 48 : 41.82 : 541303

52, 60, 40, 7, 66, 3 : 41.8 : 454015

29, 58, 60, 40, 56, 34 : 41.79 : 463640

29, 58, 40, 66, 48, 5 : 41.77 : 438378

29, 52, 60, 40, 56, 25 : 41.77 : 432853

58, 52, 40, 66, 34, 48 : 41.76 : 519471

29, 52, 40, 7, 56, 34 : 41.75 : 515552

29, 40, 36, 66, 48, 5 : 41.71 : 433969

52, 60, 40, 66, 56, 34 : 41.7 : 518476

29, 52, 60, 40, 34, 5 : 41.67 : 524763

29, 60, 40, 66, 48, 25 : 41.62 : 440977

52, 40, 66, 62, 56, 48 : 41.62 : 468077

29, 60, 40, 66, 56, 48 : 41.61 : 498506

58, 52, 60, 40, 48, 3 : 41.61 : 472328

29, 52, 40, 62, 34, 5 : 41.6 : 467835

29, 58, 60, 40, 48, 3 : 41.58 : 446765

29, 52, 60, 40, 48, 9 : 41.58 : 491797

29, 58, 60, 40, 48, 5 : 41.54 : 450678

58, 52, 60, 40, 34, 3 : 41.54 : 462167

29, 52, 40, 66, 34, 9 : 41.51 : 468160

29, 52, 60, 40, 34, 9 : 41.5 : 486350

52, 60, 40, 36, 34, 48 : 41.5 : 531482

52, 60, 40, 36, 56, 34 : 41.49 : 475193

52, 60, 40, 7, 66, 34 : 41.46 : 511982

52, 60, 40, 66, 56, 5 : 41.46 : 462328

52, 60, 40, 62, 34, 3 : 41.46 : 445634

52, 40, 7, 66, 62, 34 : 41.44 : 447887

52, 40, 7, 62, 56, 34 : 41.44 : 455330

29, 58, 52, 40, 56, 3 : 41.42 : 439258

29, 60, 40, 36, 56, 48 : 41.42 : 467660

29, 52, 40, 66, 34, 48 : 41.39 : 564585

58, 40, 7, 66, 34, 48 : 41.39 : 458246

52, 60, 40, 66, 34, 5 : 41.38 : 507675

52, 60, 40, 62, 34, 5 : 41.37 : 460643

29, 52, 40, 66, 56, 48 : 41.36 : 526581

29, 58, 60, 40, 56, 48 : 41.35 : 472367

52, 60, 40, 36, 34, 5 : 41.35 : 461603

29, 58, 40, 7, 56, 48 : 41.34 : 445959

29, 52, 40, 56, 34, 9 : 41.34 : 473287

29, 52, 40, 62, 48, 3 : 41.33 : 457771

29, 40, 7, 66, 56, 48 : 41.32 : 467869

52, 60, 40, 66, 34, 48 : 41.32 : 564233

58, 52, 40, 36, 56, 48 : 41.3 : 455909

29, 60, 40, 36, 56, 34 : 41.28 : 447446

52, 60, 40, 62, 48, 3 : 41.28 : 453514

29, 40, 7, 66, 34, 48 : 41.27 : 502418

29, 58, 52, 40, 48, 9 : 41.26 : 450871

52, 60, 40, 66, 56, 3 : 41.25 : 458478

52, 60, 40, 66, 56, 9 : 41.24 : 437503

58, 60, 40, 66, 56, 48 : 41.23 : 454430

58, 52, 40, 66, 34, 5 : 41.21 : 462593

58, 60, 40, 66, 34, 5 : 41.21 : 434906

29, 52, 60, 40, 48, 25 : 41.17 : 485589

60, 40, 7, 66, 56, 34 : 41.15 : 459620

29, 52, 40, 7, 34, 9 : 41.14 : 459890

58, 52, 60, 40, 48, 25 : 41.14 : 442386

52, 60, 40, 36, 48, 3 : 41.13 : 467433

29, 60, 40, 66, 56, 3 : 41.12 : 432778

58, 52, 40, 36, 34, 48 : 41.12 : 489456

29, 58, 52, 40, 48, 25 : 41.11 : 443547

58, 60, 40, 66, 48, 5 : 41.11 : 438175

29, 52, 40, 66, 34, 5 : 41.08 : 507721

29, 58, 60, 40, 34, 3 : 41.07 : 436193

29, 52, 60, 40, 48, 3 : 41.07 : 516429

52, 60, 40, 36, 34, 3 : 41.07 : 445676

52, 40, 66, 62, 34, 48 : 41.07 : 497878

52, 60, 40, 62, 48, 5 : 41.06 : 459955

60, 40, 36, 66, 48, 5 : 41.05 : 433819

29, 58, 52, 40, 56, 5 : 41.04 : 440225

29, 52, 40, 36, 48, 25 : 41.01 : 440217

52, 60, 40, 66, 56, 48 : 41.0 : 526645

29, 40, 36, 7, 56, 48 : 40.99 : 441422

29, 58, 52, 40, 48, 5 : 40.98 : 482169

29, 58, 52, 40, 48, 3 : 40.97 : 476609

52, 60, 40, 7, 66, 5 : 40.97 : 456871

52, 40, 36, 7, 66, 34 : 40.97 : 450241

58, 52, 40, 36, 56, 34 : 40.96 : 436997

58, 52, 40, 7, 56, 34 : 40.95 : 468841

29, 52, 60, 40, 48, 5 : 40.94 : 523286

29, 52, 40, 36, 48, 3 : 40.94 : 471663

29, 52, 40, 36, 34, 5 : 40.91 : 468836

58, 60, 40, 7, 56, 34 : 40.85 : 433273

52, 40, 36, 66, 56, 34 : 40.84 : 456846

29, 52, 40, 62, 48, 5 : 40.83 : 463878

29, 52, 40, 7, 56, 5 : 40.82 : 456396

58, 52, 40, 66, 56, 48 : 40.81 : 482671

29, 52, 60, 56, 34, 48 : 40.8 : 454554

29, 60, 40, 7, 56, 48 : 40.8 : 486527

60, 40, 7, 62, 34, 48 : 40.79 : 453786

58, 52, 40, 7, 56, 48 : 40.76 : 473982

29, 52, 40, 36, 48, 9 : 40.73 : 446132

29, 40, 66, 56, 34, 5 : 40.73 : 453365

58, 52, 60, 40, 48, 9 : 40.73 : 448550

52, 60, 40, 7, 56, 48 : 40.73 : 514278

58, 52, 40, 66, 34, 3 : 40.71 : 446604

40, 36, 7, 66, 34, 48 : 40.71 : 453479

58, 52, 60, 40, 34, 5 : 40.7 : 478121

52, 60, 40, 36, 7, 34 : 40.7 : 467682

60, 40, 36, 66, 56, 48 : 40.7 : 449898

52, 60, 40, 7, 56, 3 : 40.69 : 450235

29, 60, 40, 7, 48, 3 : 40.68 : 462741

58, 52, 60, 40, 48, 5 : 40.67 : 478226

29, 52, 40, 7, 48, 9 : 40.66 : 460727

40, 7, 66, 62, 34, 48 : 40.66 : 438714

60, 40, 7, 66, 34, 48 : 40.65 : 501131

29, 58, 40, 66, 48, 3 : 40.64 : 431730

29, 52, 60, 40, 34, 3 : 40.64 : 506738

29, 58, 52, 40, 34, 3 : 40.62 : 468253

52, 60, 40, 7, 56, 34 : 40.62 : 506538

29, 58, 40, 7, 34, 48 : 40.61 : 478983

29, 52, 40, 7, 56, 48 : 40.6 : 518793

52, 40, 62, 56, 34, 48 : 40.6 : 495836

29, 40, 62, 56, 34, 48 : 40.59 : 469679

29, 52, 60, 40, 66, 64 : 40.57 : 449698

52, 40, 36, 66, 56, 48 : 40.57 : 477918

60, 40, 36, 34, 48, 5 : 40.57 : 462888

29, 60, 40, 66, 48, 3 : 40.56 : 473700

52, 40, 36, 66, 34, 48 : 40.56 : 514309

29, 52, 60, 40, 34, 25 : 40.54 : 465176

58, 52, 60, 40, 34, 9 : 40.53 : 441689

58, 52, 40, 36, 48, 5 : 40.49 : 432854

58, 60, 40, 7, 56, 48 : 40.48 : 441952

52, 40, 62, 56, 34, 3 : 40.44 : 437033

29, 52, 40, 36, 48, 5 : 40.43 : 477447

29, 60, 40, 7, 34, 5 : 40.43 : 463670

52, 40, 7, 66, 56, 34 : 40.42 : 487334

29, 52, 66, 56, 34, 48 : 40.41 : 439472

58, 52, 60, 40, 56, 5 : 40.41 : 433384

29, 52, 40, 36, 34, 3 : 40.39 : 451791

60, 40, 7, 66, 56, 48 : 40.39 : 466840

52, 40, 7, 62, 34, 48 : 40.37 : 483809

29, 52, 40, 36, 34, 9 : 40.36 : 431792

52, 60, 40, 36, 48, 5 : 40.34 : 473550

29, 52, 60, 7, 34, 48 : 40.31 : 447844

58, 40, 66, 56, 34, 48 : 40.31 : 463111

52, 60, 40, 36, 48, 25 : 40.31 : 439080

60, 40, 62, 56, 34, 48 : 40.3 : 465329

29, 52, 60, 40, 5, 3 : 40.27 : 450977

29, 40, 7, 66, 34, 5 : 40.27 : 448486

29, 52, 40, 56, 34, 5 : 40.26 : 504846

29, 40, 36, 34, 48, 5 : 40.24 : 466831

29, 40, 36, 7, 34, 48 : 40.19 : 474061

29, 52, 60, 34, 48, 5 : 40.18 : 440000

58, 52, 40, 7, 34, 5 : 40.18 : 452587

29, 60, 40, 66, 48, 9 : 40.16 : 447654

60, 40, 62, 34, 48, 5 : 40.13 : 449622

29, 60, 40, 7, 48, 9 : 40.12 : 432080

29, 60, 40, 66, 34, 9 : 40.11 : 441728

40, 66, 62, 56, 34, 48 : 40.1 : 449665

29, 60, 40, 34, 48, 5 : 40.08 : 511880

52, 40, 7, 66, 56, 3 : 40.01 : 432433

29, 40, 7, 62, 34, 48 : 40.0 : 458767

52, 40, 62, 56, 34, 5 : 40.0 : 447882

29, 52, 7, 66, 34, 48 : 39.99 : 433478

52, 60, 40, 7, 56, 5 : 39.98 : 448443

52, 40, 36, 66, 34, 5 : 39.94 : 446087

58, 52, 40, 66, 48, 3 : 39.92 : 456587

29, 52, 40, 66, 48, 5 : 39.89 : 509022

29, 60, 40, 7, 48, 5 : 39.87 : 462320

52, 60, 40, 66, 34, 9 : 39.87 : 467615

58, 52, 40, 56, 34, 3 : 39.85 : 447547

29, 60, 40, 56, 34, 9 : 39.82 : 440298

29, 58, 40, 56, 34, 5 : 39.81 : 431793

29, 60, 40, 7, 34, 48 : 39.8 : 519657

52, 40, 7, 66, 56, 5 : 39.78 : 433327

52, 40, 66, 62, 34, 5 : 39.78 : 445559

29, 52, 40, 66, 48, 25 : 39.77 : 467105

29, 52, 60, 40, 7, 64 : 39.75 : 432627

58, 52, 40, 7, 48, 3 : 39.74 : 448751

29, 52, 40, 66, 48, 9 : 39.73 : 473787

60, 40, 66, 56, 34, 5 : 39.72 : 452937

29, 40, 7, 66, 48, 3 : 39.7 : 446979

60, 40, 36, 7, 56, 48 : 39.7 : 437459

29, 40, 66, 56, 34, 48 : 39.69 : 506023

29, 60, 40, 34, 48, 25 : 39.67 : 463784

60, 40, 7, 66, 48, 3 : 39.67 : 446007

29, 60, 40, 56, 34, 5 : 39.65 : 469423

29, 52, 40, 56, 34, 3 : 39.64 : 490891

60, 40, 7, 66, 34, 5 : 39.64 : 447542

52, 60, 40, 66, 34, 3 : 39.63 : 488835

58, 52, 40, 7, 34, 3 : 39.61 : 440784

58, 60, 40, 7, 34, 48 : 39.6 : 473955

29, 40, 7, 56, 34, 5 : 39.58 : 447895

52, 60, 40, 36, 48, 9 : 39.58 : 443856

29, 40, 7, 66, 48, 5 : 39.56 : 449568

52, 40, 66, 56, 34, 5 : 39.55 : 479769

60, 40, 66, 34, 48, 5 : 39.54 : 496995

29, 52, 40, 56, 34, 48 : 39.48 : 555888

29, 52, 40, 66, 34, 25 : 39.47 : 448069

52, 60, 40, 7, 48, 3 : 39.47 : 487395

58, 52, 40, 66, 48, 9 : 39.46 : 431748

58, 52, 40, 66, 48, 5 : 39.46 : 465088

52, 60, 40, 56, 34, 5 : 39.46 : 496763

29, 58, 40, 56, 34, 48 : 39.45 : 484089

29, 52, 60, 40, 48, 42 : 39.37 : 455679

29, 52, 40, 7, 34, 5 : 39.37 : 498898

29, 52, 40, 66, 34, 3 : 39.36 : 489687

29, 52, 40, 66, 48, 3 : 39.36 : 499263

29, 52, 40, 7, 34, 48 : 39.35 : 551382

29, 52, 40, 7, 48, 3 : 39.34 : 492077

29, 40, 7, 56, 34, 3 : 39.34 : 438144

58, 52, 40, 7, 48, 5 : 39.32 : 448808

29, 40, 66, 56, 34, 3 : 39.29 : 442825

58, 52, 40, 7, 34, 48 : 39.28 : 505455

40, 36, 66, 56, 34, 48 : 39.27 : 458261

52, 60, 40, 66, 48, 5 : 39.25 : 508921

29, 60, 40, 66, 34, 3 : 39.24 : 463729

52, 60, 40, 7, 34, 48 : 39.23 : 545716

52, 60, 40, 66, 48, 3 : 39.23 : 498427

29, 58, 40, 34, 48, 5 : 39.21 : 471625

29, 60, 40, 7, 34, 3 : 39.2 : 453037

52, 40, 7, 66, 34, 48 : 39.17 : 527821

29, 40, 66, 34, 48, 25 : 39.16 : 447334

29, 40, 36, 56, 34, 48 : 39.15 : 479074

29, 52, 40, 56, 34, 25 : 39.11 : 444813

52, 40, 62, 56, 48, 3 : 39.11 : 440475

52, 60, 40, 7, 48, 9 : 39.1 : 456743

52, 60, 40, 56, 34, 48 : 39.08 : 550726

52, 60, 40, 56, 34, 3 : 39.07 : 484096

52, 40, 66, 56, 34, 9 : 39.06 : 448101

29, 58, 52, 40, 34, 64 : 39.05 : 442040

52, 60, 7, 66, 34, 48 : 39.05 : 432215

29, 60, 40, 56, 48, 9 : 39.04 : 444463

60, 40, 36, 7, 34, 48 : 39.04 : 469076

40, 7, 62, 56, 34, 48 : 39.0 : 439206

29, 40, 36, 34, 48, 3 : 38.99 : 450754

60, 40, 62, 34, 48, 3 : 38.99 : 434314

29, 40, 66, 34, 48, 5 : 38.98 : 497188

58, 52, 60, 40, 34, 64 : 38.98 : 434613

58, 52, 40, 56, 34, 5 : 38.98 : 459729

29, 58, 52, 40, 48, 64 : 38.96 : 444792

52, 40, 36, 66, 48, 5 : 38.95 : 460503

52, 40, 7, 62, 34, 5 : 38.95 : 435723

29, 60, 40, 56, 34, 3 : 38.94 : 459006

29, 52, 40, 66, 5, 3 : 38.93 : 437243

58, 52, 40, 56, 34, 48 : 38.92 : 511156

29, 52, 60, 40, 34, 42 : 38.9 : 448850

29, 52, 40, 56, 5, 3 : 38.84 : 435583

52, 60, 66, 56, 34, 48 : 38.84 : 438571

52, 40, 36, 7, 56, 34 : 38.84 : 452236

29, 40, 62, 34, 48, 5 : 38.83 : 453587

52, 60, 40, 66, 5, 3 : 38.83 : 436683

52, 60, 40, 66, 48, 25 : 38.82 : 467761

52, 40, 36, 66, 48, 3 : 38.82 : 451792

60, 40, 7, 66, 48, 5 : 38.82 : 448643

52, 40, 7, 66, 56, 48 : 38.81 : 494251

52, 40, 66, 56, 34, 3 : 38.8 : 467165

58, 40, 36, 56, 34, 48 : 38.79 : 434756

29, 52, 40, 34, 9, 5 : 38.78 : 455562

52, 60, 40, 56, 34, 9 : 38.77 : 466327

52, 40, 62, 34, 48, 3 : 38.76 : 461684

29, 40, 7, 66, 34, 3 : 38.75 : 437553

52, 60, 40, 66, 34, 25 : 38.75 : 448191

52, 40, 36, 7, 56, 48 : 38.72 : 469277

40, 7, 66, 56, 34, 48 : 38.72 : 474332

29, 52, 40, 7, 34, 3 : 38.71 : 484758

52, 60, 40, 66, 48, 9 : 38.67 : 473454

58, 52, 60, 40, 48, 64 : 38.66 : 442114

60, 40, 36, 56, 34, 48 : 38.62 : 474582

52, 40, 66, 62, 48, 5 : 38.61 : 447219

52, 40, 66, 56, 34, 48 : 38.61 : 532076

58, 60, 40, 34, 48, 5 : 38.6 : 467638

52, 60, 40, 34, 48, 5 : 38.58 : 538275

29, 52, 40, 56, 48, 9 : 38.57 : 473316

52, 60, 40, 7, 48, 25 : 38.57 : 451784

29, 52, 40, 66, 34, 42 : 38.56 : 436610

29, 52, 40, 34, 48, 5 : 38.54 : 542868

58, 40, 66, 34, 48, 5 : 38.53 : 454186

52, 40, 7, 66, 34, 5 : 38.51 : 474295

60, 40, 66, 56, 34, 48 : 38.51 : 505257

52, 40, 62, 56, 48, 5 : 38.5 : 441362

29, 60, 40, 66, 48, 64 : 38.48 : 441894

29, 60, 40, 48, 5, 3 : 38.48 : 440498

52, 60, 40, 7, 34, 5 : 38.48 : 490379

29, 52, 60, 40, 56, 64 : 38.47 : 441337

52, 60, 40, 7, 34, 3 : 38.47 : 478131

52, 60, 40, 7, 48, 5 : 38.46 : 488113

60, 40, 7, 56, 34, 5 : 38.46 : 439856

29, 52, 40, 7, 48, 25 : 38.44 : 454509

29, 52, 40, 56, 48, 25 : 38.43 : 459968

40, 36, 66, 34, 48, 5 : 38.43 : 449529

52, 40, 36, 56, 34, 5 : 38.42 : 443236

58, 52, 40, 34, 48, 3 : 38.4 : 480087

52, 40, 62, 34, 48, 5 : 38.4 : 479060

29, 60, 40, 66, 34, 64 : 38.37 : 435510

29, 60, 40, 34, 5, 3 : 38.37 : 443036

29, 52, 60, 40, 48, 64 : 38.36 : 481208

29, 40, 62, 34, 48, 3 : 38.28 : 438689

60, 40, 7, 66, 34, 3 : 38.28 : 436557

52, 40, 7, 66, 34, 9 : 38.27 : 435210

60, 40, 36, 34, 48, 3 : 38.27 : 446382

58, 52, 40, 34, 48, 5 : 38.26 : 498409

52, 40, 36, 7, 48, 3 : 38.26 : 444004

52, 40, 66, 62, 48, 3 : 38.26 : 437551

52, 40, 36, 7, 34, 5 : 38.25 : 436641

52, 40, 36, 56, 34, 48 : 38.24 : 505973

29, 52, 40, 7, 48, 5 : 38.22 : 493069

29, 52, 60, 40, 48, 31 : 38.21 : 447240

52, 60, 40, 7, 34, 9 : 38.21 : 452468

29, 52, 40, 66, 34, 64 : 38.17 : 460916

29, 52, 40, 34, 9, 3 : 38.17 : 440851

52, 40, 36, 34, 48, 5 : 38.17 : 493437

29, 40, 66, 56, 48, 5 : 38.16 : 451906

52, 60, 40, 66, 34, 64 : 38.16 : 460677

52, 60, 40, 56, 48, 3 : 38.16 : 490059

60, 40, 66, 34, 48, 25 : 38.16 : 447261

29, 60, 40, 56, 34, 48 : 38.14 : 523981

29, 60, 40, 56, 48, 5 : 38.12 : 465486

29, 52, 40, 36, 48, 64 : 38.1 : 440738

52, 60, 40, 56, 48, 9 : 38.1 : 470584

52, 40, 7, 66, 34, 3 : 38.08 : 461913

29, 52, 40, 66, 48, 42 : 38.07 : 444180

29, 60, 40, 56, 48, 3 : 38.07 : 465343

29, 52, 60, 40, 34, 64 : 38.05 : 475992

58, 52, 40, 56, 48, 9 : 38.05 : 432000

52, 40, 7, 66, 48, 3 : 38.04 : 470955

29, 52, 40, 66, 48, 64 : 38.03 : 466957

29, 52, 40, 34, 48, 25 : 38.03 : 492260

29, 58, 40, 34, 48, 3 : 38.02 : 455782

52, 40, 36, 7, 34, 48 : 38.0 : 500354

52, 60, 40, 56, 48, 25 : 37.98 : 458455

52, 40, 62, 34, 48, 9 : 37.98 : 439763

60, 40, 66, 56, 34, 3 : 37.98 : 441733

58, 60, 40, 56, 34, 48 : 37.97 : 479553

58, 52, 40, 56, 48, 3 : 37.96 : 452369

52, 60, 40, 56, 48, 5 : 37.95 : 491951

29, 52, 40, 34, 48, 9 : 37.94 : 501536

60, 40, 7, 56, 34, 3 : 37.9 : 431777

40, 66, 62, 34, 48, 5 : 37.89 : 436634

60, 40, 66, 56, 48, 5 : 37.88 : 451427

52, 40, 36, 56, 48, 3 : 37.84 : 447553

29, 52, 40, 56, 48, 3 : 37.83 : 494847

29, 60, 40, 34, 48, 3 : 37.81 : 493655

29, 40, 66, 56, 48, 3 : 37.81 : 448915

58, 40, 66, 34, 48, 3 : 37.8 : 437863

52, 60, 40, 66, 34, 42 : 37.77 : 436464

52, 60, 40, 34, 48, 25 : 37.77 : 489373

52, 60, 40, 34, 5, 3 : 37.76 : 467589

52, 60, 40, 34, 48, 3 : 37.75 : 517618

29, 52, 40, 34, 5, 3 : 37.71 : 473978

52, 60, 40, 66, 48, 64 : 37.71 : 467393

52, 40, 36, 34, 48, 3 : 37.71 : 474867

52, 40, 7, 56, 34, 3 : 37.71 : 462849

52, 40, 7, 56, 34, 9 : 37.68 : 442937

29, 58, 40, 34, 48, 9 : 37.66 : 434030

29, 40, 66, 34, 48, 9 : 37.66 : 457157

52, 60, 40, 56, 34, 25 : 37.66 : 440354

29, 52, 40, 56, 48, 5 : 37.64 : 496445

58, 60, 40, 34, 48, 3 : 37.64 : 451359

29, 40, 7, 56, 34, 48 : 37.63 : 496995

40, 62, 56, 34, 48, 5 : 37.62 : 431563

29, 52, 60, 40, 66, 72 : 37.57 : 448573

58, 52, 40, 34, 48, 25 : 37.54 : 449616

29, 52, 40, 34, 48, 3 : 37.5 : 522632

58, 52, 40, 34, 48, 9 : 37.46 : 459136

58, 40, 7, 56, 34, 48 : 37.45 : 453097

58, 40, 7, 34, 48, 5 : 37.45 : 439099

29, 52, 40, 48, 9, 3 : 37.39 : 442855

29, 52, 40, 7, 34, 25 : 37.36 : 437123

58, 52, 40, 56, 48, 5 : 37.35 : 453857

40, 36, 66, 34, 48, 3 : 37.33 : 432992

52, 40, 36, 34, 48, 25 : 37.29 : 446114

29, 40, 7, 56, 48, 3 : 37.28 : 442300

29, 60, 40, 34, 48, 9 : 37.2 : 473243

52, 40, 66, 34, 48, 5 : 37.19 : 522895

60, 40, 66, 56, 48, 3 : 37.19 : 447843

52, 40, 36, 7, 48, 5 : 37.16 : 444289

52, 40, 7, 56, 34, 5 : 37.16 : 474337

52, 40, 56, 34, 5, 3 : 37.15 : 452431

60, 40, 7, 34, 48, 5 : 37.13 : 477584

52, 60, 40, 66, 48, 42 : 37.12 : 444834

52, 40, 36, 56, 48, 5 : 37.11 : 449299

29, 52, 40, 34, 5, 25 : 37.1 : 431472

29, 40, 66, 34, 48, 3 : 37.1 : 478945

52, 40, 66, 56, 48, 3 : 37.07 : 472973

52, 40, 66, 34, 48, 3 : 37.07 : 502398

52, 60, 40, 34, 48, 9 : 37.06 : 498053

52, 60, 40, 36, 48, 64 : 37.05 : 438122

40, 36, 7, 34, 48, 5 : 37.02 : 434507

29, 52, 40, 48, 9, 5 : 37.0 : 446732

29, 40, 7, 34, 48, 5 : 37.0 : 482684

52, 60, 40, 7, 34, 25 : 37.0 : 432218

29, 40, 56, 34, 48, 5 : 36.98 : 486047

60, 40, 7, 56, 34, 48 : 36.95 : 491459

60, 40, 66, 34, 48, 3 : 36.95 : 477913

52, 40, 7, 66, 48, 5 : 36.92 : 474551

40, 36, 56, 34, 48, 5 : 36.91 : 439104

52, 40, 66, 56, 48, 5 : 36.89 : 477536

29, 52, 40, 48, 5, 25 : 36.87 : 438727

60, 40, 7, 56, 48, 3 : 36.86 : 437730

52, 60, 40, 48, 9, 3 : 36.8 : 439741

52, 60, 40, 48, 5, 25 : 36.79 : 436239

52, 40, 7, 66, 48, 9 : 36.75 : 439582

29, 52, 60, 40, 34, 31 : 36.74 : 441908

40, 7, 66, 34, 48, 5 : 36.71 : 463708

52, 40, 7, 66, 48, 25 : 36.7 : 433701

52, 60, 40, 7, 48, 64 : 36.68 : 448484

40, 7, 66, 34, 48, 3 : 36.68 : 451194

52, 40, 56, 34, 9, 5 : 36.64 : 436493

29, 52, 40, 66, 48, 31 : 36.63 : 434360

52, 60, 40, 34, 9, 5 : 36.63 : 449073

29, 52, 40, 7, 48, 64 : 36.62 : 452879

58, 40, 56, 34, 48, 3 : 36.62 : 432903

52, 40, 7, 56, 34, 48 : 36.61 : 522509

60, 40, 66, 34, 48, 64 : 36.61 : 450683

52, 60, 40, 34, 9, 3 : 36.55 : 435737

52, 40, 7, 66, 48, 64 : 36.55 : 434523

60, 40, 66, 34, 48, 9 : 36.53 : 456470

29, 52, 40, 56, 48, 42 : 36.52 : 431928

40, 66, 56, 34, 48, 5 : 36.51 : 466884

52, 40, 66, 34, 5, 3 : 36.5 : 452905

40, 36, 7, 56, 34, 48 : 36.47 : 448291

29, 40, 56, 34, 48, 25 : 36.46 : 439849

29, 40, 7, 34, 48, 9 : 36.45 : 443488

52, 60, 40, 48, 5, 3 : 36.43 : 464012

52, 40, 66, 56, 48, 25 : 36.42 : 439224

52, 60, 40, 48, 9, 5 : 36.39 : 443571

52, 60, 40, 34, 48, 42 : 36.38 : 464515

52, 40, 66, 34, 48, 9 : 36.37 : 481239

29, 52, 40, 48, 5, 3 : 36.34 : 468540

52, 40, 66, 34, 9, 5 : 36.34 : 433724

60, 40, 56, 34, 48, 5 : 36.34 : 481488

29, 60, 40, 34, 48, 42 : 36.32 : 439808

58, 40, 56, 34, 48, 5 : 36.3 : 443765

60, 40, 7, 56, 48, 5 : 36.29 : 435567

52, 40, 66, 56, 34, 64 : 36.27 : 436492

29, 40, 7, 56, 48, 5 : 36.25 : 440337

29, 52, 40, 56, 34, 64 : 36.21 : 459707

29, 40, 66, 34, 48, 64 : 36.21 : 451193

52, 40, 66, 34, 48, 25 : 36.17 : 472213

52, 40, 62, 34, 48, 64 : 36.11 : 435173

29, 40, 7, 34, 48, 25 : 36.1 : 434092

52, 40, 36, 34, 48, 9 : 36.1 : 454133

29, 52, 40, 34, 48, 42 : 36.08 : 466641

52, 40, 66, 56, 48, 9 : 36.07 : 452111

52, 40, 56, 34, 48, 25 : 36.05 : 464611

29, 40, 7, 34, 48, 3 : 36.0 : 470037

29, 40, 56, 34, 48, 9 : 36.0 : 454752

52, 40, 7, 34, 48, 3 : 35.98 : 493462

52, 40, 66, 34, 48, 64 : 35.95 : 474974

52, 40, 7, 34, 48, 5 : 35.93 : 507676

60, 40, 7, 34, 48, 3 : 35.93 : 465213

52, 40, 56, 34, 48, 5 : 35.91 : 511717

29, 52, 40, 66, 34, 72 : 35.9 : 457824

29, 60, 40, 34, 48, 64 : 35.88 : 465046

52, 40, 7, 56, 48, 3 : 35.84 : 466459

52, 60, 40, 66, 48, 31 : 35.8 : 434900

58, 52, 40, 34, 48, 64 : 35.73 : 454620

29, 52, 40, 34, 48, 64 : 35.72 : 494337

52, 60, 40, 34, 48, 64 : 35.71 : 489335

29, 52, 40, 34, 48, 44 : 35.68 : 436220

29, 52, 40, 34, 5, 64 : 35.67 : 451344

52, 60, 40, 66, 34, 72 : 35.67 : 457392

29, 40, 56, 34, 48, 3 : 35.66 : 473732

60, 40, 34, 48, 5, 3 : 35.52 : 454466

52, 60, 40, 34, 48, 44 : 35.51 : 432050

52, 40, 56, 34, 48, 3 : 35.45 : 497164

52, 40, 7, 34, 48, 9 : 35.42 : 466817

52, 40, 7, 56, 48, 9 : 35.36 : 442284

29, 40, 34, 48, 5, 3 : 35.29 : 459028

40, 66, 56, 34, 48, 3 : 35.27 : 454268

52, 60, 40, 7, 34, 64 : 35.24 : 443205

60, 40, 56, 34, 48, 25 : 35.24 : 436860

52, 60, 40, 34, 5, 64 : 35.22 : 443505

52, 40, 7, 34, 48, 25 : 35.2 : 458165

52, 40, 56, 34, 48, 9 : 35.18 : 478960

29, 52, 40, 56, 48, 64 : 35.16 : 459406

40, 66, 56, 34, 48, 9 : 35.13 : 435201

29, 52, 40, 7, 34, 64 : 35.11 : 451935

52, 40, 66, 34, 48, 42 : 35.07 : 452949

60, 40, 7, 34, 48, 9 : 35.01 : 439436

52, 40, 7, 34, 5, 3 : 35.0 : 447065

60, 40, 56, 34, 48, 9 : 34.98 : 451275

52, 60, 40, 56, 48, 64 : 34.94 : 456368

60, 40, 56, 34, 48, 3 : 34.94 : 468826

40, 7, 56, 34, 48, 5 : 34.9 : 455896

52, 40, 34, 48, 5, 25 : 34.89 : 452758

52, 40, 66, 56, 48, 64 : 34.84 : 441187

40, 7, 56, 34, 48, 3 : 34.82 : 445940

52, 60, 40, 48, 3, 64 : 34.81 : 432291

52, 40, 7, 56, 48, 5 : 34.79 : 465697

60, 40, 34, 48, 9, 5 : 34.79 : 435963

29, 52, 60, 40, 34, 72 : 34.75 : 458032

29, 40, 34, 48, 9, 5 : 34.73 : 439036

52, 40, 34, 48, 9, 3 : 34.72 : 447716

52, 40, 36, 34, 48, 64 : 34.67 : 450270

29, 52, 40, 48, 3, 64 : 34.64 : 436955

52, 60, 40, 66, 48, 72 : 34.59 : 462286

52, 60, 40, 56, 34, 64 : 34.58 : 451464

29, 52, 40, 34, 3, 64 : 34.57 : 435264

29, 60, 40, 66, 48, 72 : 34.57 : 438956

29, 52, 40, 66, 48, 72 : 34.51 : 462566

52, 40, 66, 48, 5, 3 : 34.48 : 452138

52, 40, 7, 34, 48, 42 : 34.39 : 434534

52, 60, 40, 34, 48, 31 : 34.23 : 448970

52, 40, 34, 48, 5, 3 : 34.23 : 481912

29, 60, 40, 66, 34, 72 : 34.22 : 433908

29, 52, 40, 48, 5, 64 : 34.19 : 446349

29, 52, 60, 40, 48, 72 : 34.16 : 463070

29, 52, 40, 34, 48, 31 : 34.12 : 449643

52, 40, 56, 48, 5, 3 : 34.1 : 444000

52, 60, 40, 48, 5, 64 : 34.05 : 441871

52, 40, 34, 48, 5, 42 : 34.0 : 433586

29, 52, 60, 40, 48, 17 : 33.8 : 435161

52, 40, 66, 34, 48, 31 : 33.65 : 436480

40, 56, 34, 48, 5, 3 : 33.61 : 435345

52, 40, 34, 48, 9, 5 : 33.6 : 462879

52, 40, 34, 48, 3, 25 : 33.56 : 432574

29, 40, 34, 48, 5, 64 : 33.52 : 437078

52, 40, 66, 34, 48, 72 : 33.52 : 468730

60, 40, 66, 34, 48, 72 : 33.49 : 445956

52, 40, 56, 34, 48, 42 : 33.44 : 440571

60, 40, 7, 34, 48, 64 : 33.38 : 432193

40, 66, 34, 48, 5, 3 : 33.32 : 442232

29, 40, 7, 34, 48, 64 : 33.27 : 437653

60, 40, 34, 48, 5, 64 : 33.16 : 432555

52, 40, 34, 48, 3, 64 : 33.02 : 443557

52, 40, 7, 34, 48, 64 : 32.97 : 460536

52, 40, 7, 48, 5, 3 : 32.89 : 441573

29, 40, 66, 34, 48, 72 : 32.86 : 446496

40, 7, 34, 48, 5, 3 : 32.74 : 432340

29, 40, 56, 34, 48, 64 : 32.62 : 443722

52, 40, 56, 34, 48, 64 : 32.59 : 466733

52, 40, 34, 48, 5, 64 : 32.56 : 460638

52, 40, 66, 56, 48, 72 : 32.48 : 431386

52, 60, 40, 34, 48, 72 : 32.43 : 469158

29, 52, 40, 34, 48, 72 : 31.96 : 469698

58, 52, 40, 34, 48, 72 : 31.71 : 433394

29, 60, 40, 34, 48, 72 : 31.58 : 446924

52, 60, 40, 34, 48, 17 : 31.54 : 438137

60, 40, 56, 34, 48, 64 : 31.53 : 438834

29, 52, 40, 34, 48, 17 : 31.41 : 441545

29, 52, 40, 56, 48, 72 : 31.02 : 432438

52, 60, 40, 56, 48, 72 : 30.9 : 431886

52, 40, 34, 48, 3, 72 : 30.21 : 433219

52, 40, 34, 48, 5, 72 : 30.12 : 433725

52, 40, 7, 34, 48, 72 : 29.89 : 436995

52, 40, 56, 34, 48, 72 : 29.82 : 438165

29, 58, 52, 60, 40, 7, 62 : 25.09 : 471168

29, 52, 60, 40, 7, 62, 56 : 24.48 : 499277

29, 58, 52, 60, 40, 66, 62 : 24.41 : 485885

=============  TOP-K UFPs v1.20 - STATS =============
 Transactions count from database : 3196
 Candidates count : 1104938
 Maximum memory usage : 44.06172180175781 mb
 Total time ~ 262836 ms
===================================================
